planner_name iteration planning_time_elapsed cost_solution_total cost_solution_revolute cost_solution_prismatic theoretical_cost_total theoretical_cost_revolute theoretical_cost_prismatic
bi_rrt_star 1 0.127155 9.38153 9.38153 0 5.17397 5.17397 0
bi_rrt_star 2 1.25168 9.38153 9.38153 0 5.17397 5.17397 0
bi_rrt_star 3 1.79239 9.38153 9.38153 0 5.17397 5.17397 0
bi_rrt_star 4 4.2069 9.38153 9.38153 0 5.17397 5.17397 0
bi_rrt_star 5 5.80093 9.38153 9.38153 0 5.17397 5.17397 0
bi_rrt_star 6 7.43459 9.38153 9.38153 0 5.17397 5.17397 0
bi_rrt_star 7 8.19177 9.38153 9.38153 0 5.17397 5.17397 0
bi_rrt_star 8 11.8832 9.38153 9.38153 0 5.17397 5.17397 0
bi_rrt_star 9 12.3846 9.38153 9.38153 0 5.17397 5.17397 0
bi_rrt_star 10 15.051 9.38153 9.38153 0 5.17397 5.17397 0
bi_rrt_star 11 15.936 9.38153 9.38153 0 5.17397 5.17397 0
bi_rrt_star 12 17.1687 9.38153 9.38153 0 5.17397 5.17397 0
bi_rrt_star 13 18.6272 9.38153 9.38153 0 5.17397 5.17397 0
bi_rrt_star 14 20.9165 9.38153 9.38153 0 5.17397 5.17397 0
bi_rrt_star 15 21.8729 9.38153 9.38153 0 5.17397 5.17397 0
bi_rrt_star 16 24.2652 9.38153 9.38153 0 5.17397 5.17397 0
bi_rrt_star 17 25.7349 9.38153 9.38153 0 5.17397 5.17397 0
bi_rrt_star 18 27.291 9.38153 9.38153 0 5.17397 5.17397 0
bi_rrt_star 19 28.6157 9.38153 9.38153 0 5.17397 5.17397 0
bi_rrt_star 20 31.683 9.32224 9.32224 0 5.17397 5.17397 0
bi_rrt_star 21 34.2705 9.32224 9.32224 0 5.17397 5.17397 0
bi_rrt_star 22 36.8897 9.32224 9.32224 0 5.17397 5.17397 0
bi_rrt_star 23 40.3813 9.32224 9.32224 0 5.17397 5.17397 0
bi_rrt_star 24 42.1287 9.32224 9.32224 0 5.17397 5.17397 0
bi_rrt_star 25 44.7543 9.32224 9.32224 0 5.17397 5.17397 0
bi_rrt_star 26 47.792 9.32224 9.32224 0 5.17397 5.17397 0
bi_rrt_star 27 48.5379 9.32224 9.32224 0 5.17397 5.17397 0
bi_rrt_star 28 50.6645 9.32224 9.32224 0 5.17397 5.17397 0
bi_rrt_star 29 51.4875 8.94622 8.94622 0 5.17397 5.17397 0
bi_rrt_star 30 52.6843 8.94622 8.94622 0 5.17397 5.17397 0
bi_rrt_star 31 55.8281 8.94622 8.94622 0 5.17397 5.17397 0
bi_rrt_star 32 58.488 8.94622 8.94622 0 5.17397 5.17397 0
bi_rrt_star 33 58.8913 8.94622 8.94622 0 5.17397 5.17397 0
bi_rrt_star 34 62.3467 8.94622 8.94622 0 5.17397 5.17397 0
bi_rrt_star 35 63.1372 8.94622 8.94622 0 5.17397 5.17397 0
bi_rrt_star 36 66.1828 8.94622 8.94622 0 5.17397 5.17397 0
bi_rrt_star 37 67.5554 8.94622 8.94622 0 5.17397 5.17397 0
bi_rrt_star 38 69.0145 8.94622 8.94622 0 5.17397 5.17397 0
bi_rrt_star 39 70.6491 8.94622 8.94622 0 5.17397 5.17397 0
bi_rrt_star 40 73.3891 8.94622 8.94622 0 5.17397 5.17397 0
bi_rrt_star 41 74.4652 8.94622 8.94622 0 5.17397 5.17397 0
bi_rrt_star 42 76.467 8.94622 8.94622 0 5.17397 5.17397 0
bi_rrt_star 43 77.258 8.94622 8.94622 0 5.17397 5.17397 0
bi_rrt_star 44 79.9712 8.94622 8.94622 0 5.17397 5.17397 0
bi_rrt_star 45 81.9199 8.94622 8.94622 0 5.17397 5.17397 0
bi_rrt_star 46 83.8929 8.94622 8.94622 0 5.17397 5.17397 0
bi_rrt_star 47 84.3217 8.81716 8.81716 0 5.17397 5.17397 0
bi_rrt_star 48 85.7568 8.81716 8.81716 0 5.17397 5.17397 0
bi_rrt_star 49 89.3948 8.81716 8.81716 0 5.17397 5.17397 0
bi_rrt_star 50 89.9636 8.81716 8.81716 0 5.17397 5.17397 0
bi_rrt_star 51 90.8857 8.81716 8.81716 0 5.17397 5.17397 0
bi_rrt_star 52 91.6791 8.81716 8.81716 0 5.17397 5.17397 0
bi_rrt_star 53 95.1476 8.81716 8.81716 0 5.17397 5.17397 0
bi_rrt_star 54 95.8017 8.344 8.344 0 5.17397 5.17397 0
bi_rrt_star 55 96.9665 8.344 8.344 0 5.17397 5.17397 0
bi_rrt_star 56 100.273 7.92783 7.92783 0 5.17397 5.17397 0
bi_rrt_star 57 101.074 7.92783 7.92783 0 5.17397 5.17397 0
bi_rrt_star 58 102.641 7.92783 7.92783 0 5.17397 5.17397 0
bi_rrt_star 59 104.247 7.92783 7.92783 0 5.17397 5.17397 0
bi_rrt_star 60 106.863 7.92783 7.92783 0 5.17397 5.17397 0
bi_rrt_star 61 108.006 7.92783 7.92783 0 5.17397 5.17397 0
bi_rrt_star 62 110.127 7.92783 7.92783 0 5.17397 5.17397 0
bi_rrt_star 63 112.874 7.92783 7.92783 0 5.17397 5.17397 0
bi_rrt_star 64 115.621 7.92783 7.92783 0 5.17397 5.17397 0
bi_rrt_star 65 118.289 7.92783 7.92783 0 5.17397 5.17397 0
bi_rrt_star 66 120.822 7.92783 7.92783 0 5.17397 5.17397 0
bi_rrt_star 67 122.398 7.92783 7.92783 0 5.17397 5.17397 0
bi_rrt_star 68 123.649 7.92783 7.92783 0 5.17397 5.17397 0
bi_rrt_star 69 126.391 7.92783 7.92783 0 5.17397 5.17397 0
bi_rrt_star 70 129.135 7.92783 7.92783 0 5.17397 5.17397 0
bi_rrt_star 71 131.202 7.92783 7.92783 0 5.17397 5.17397 0
bi_rrt_star 72 133.326 7.92783 7.92783 0 5.17397 5.17397 0
bi_rrt_star 73 136.447 7.92783 7.92783 0 5.17397 5.17397 0
bi_rrt_star 74 137.038 7.92783 7.92783 0 5.17397 5.17397 0
bi_rrt_star 75 139.17 7.92783 7.92783 0 5.17397 5.17397 0
bi_rrt_star 76 140.95 7.92783 7.92783 0 5.17397 5.17397 0
bi_rrt_star 77 143.779 7.92783 7.92783 0 5.17397 5.17397 0
bi_rrt_star 78 144.49 7.92783 7.92783 0 5.17397 5.17397 0
bi_rrt_star 79 145.436 7.92783 7.92783 0 5.17397 5.17397 0
bi_rrt_star 80 149.786 7.92783 7.92783 0 5.17397 5.17397 0
bi_rrt_star 81 152.359 7.92783 7.92783 0 5.17397 5.17397 0
bi_rrt_star 82 152.994 7.92783 7.92783 0 5.17397 5.17397 0
bi_rrt_star 83 155.525 7.92783 7.92783 0 5.17397 5.17397 0
bi_rrt_star 84 156.828 7.92783 7.92783 0 5.17397 5.17397 0
bi_rrt_star 85 159.881 7.92783 7.92783 0 5.17397 5.17397 0
bi_rrt_star 86 163.687 7.92783 7.92783 0 5.17397 5.17397 0
bi_rrt_star 87 165.35 7.92783 7.92783 0 5.17397 5.17397 0
bi_rrt_star 88 168.475 7.92783 7.92783 0 5.17397 5.17397 0
bi_rrt_star 89 171.326 7.92783 7.92783 0 5.17397 5.17397 0
bi_rrt_star 90 172.254 7.92783 7.92783 0 5.17397 5.17397 0
bi_rrt_star 91 173.936 7.92783 7.92783 0 5.17397 5.17397 0
bi_rrt_star 92 176.61 7.92783 7.92783 0 5.17397 5.17397 0
bi_rrt_star 93 178.966 7.92783 7.92783 0 5.17397 5.17397 0
bi_rrt_star 94 179.747 7.92783 7.92783 0 5.17397 5.17397 0
bi_rrt_star 95 182.18 7.92783 7.92783 0 5.17397 5.17397 0
bi_rrt_star 96 182.798 7.92783 7.92783 0 5.17397 5.17397 0
bi_rrt_star 97 184.855 7.92783 7.92783 0 5.17397 5.17397 0
bi_rrt_star 98 186.545 7.92783 7.92783 0 5.17397 5.17397 0
bi_rrt_star 99 188.227 7.92783 7.92783 0 5.17397 5.17397 0
bi_rrt_star 100 190.599 7.92783 7.92783 0 5.17397 5.17397 0
bi_rrt_star 101 190.798 7.92783 7.92783 0 5.17397 5.17397 0
bi_rrt_star 102 191.823 7.92783 7.92783 0 5.17397 5.17397 0
bi_rrt_star 103 193.679 7.92783 7.92783 0 5.17397 5.17397 0
bi_rrt_star 104 196.273 7.92783 7.92783 0 5.17397 5.17397 0
bi_rrt_star 105 198.86 7.92783 7.92783 0 5.17397 5.17397 0
bi_rrt_star 106 199.296 7.92783 7.92783 0 5.17397 5.17397 0
bi_rrt_star 107 201.132 7.92783 7.92783 0 5.17397 5.17397 0
bi_rrt_star 108 202.735 7.92783 7.92783 0 5.17397 5.17397 0
bi_rrt_star 109 205.494 7.92783 7.92783 0 5.17397 5.17397 0
bi_rrt_star 110 208.54 7.92783 7.92783 0 5.17397 5.17397 0
bi_rrt_star 111 210.771 7.92783 7.92783 0 5.17397 5.17397 0
bi_rrt_star 112 212.338 7.92783 7.92783 0 5.17397 5.17397 0
bi_rrt_star 113 214.35 7.92783 7.92783 0 5.17397 5.17397 0
bi_rrt_star 114 217.804 7.92783 7.92783 0 5.17397 5.17397 0
bi_rrt_star 115 219.894 7.92783 7.92783 0 5.17397 5.17397 0
bi_rrt_star 116 223.106 7.92783 7.92783 0 5.17397 5.17397 0
bi_rrt_star 117 225.459 7.92783 7.92783 0 5.17397 5.17397 0
bi_rrt_star 118 229.17 7.92783 7.92783 0 5.17397 5.17397 0
bi_rrt_star 119 231.596 7.92783 7.92783 0 5.17397 5.17397 0
bi_rrt_star 120 235.135 7.92783 7.92783 0 5.17397 5.17397 0
bi_rrt_star 121 236.256 7.92783 7.92783 0 5.17397 5.17397 0
bi_rrt_star 122 239.286 7.92783 7.92783 0 5.17397 5.17397 0
bi_rrt_star 123 239.822 7.92783 7.92783 0 5.17397 5.17397 0
bi_rrt_star 124 243.402 7.92783 7.92783 0 5.17397 5.17397 0
bi_rrt_star 125 246.8 7.92783 7.92783 0 5.17397 5.17397 0
bi_rrt_star 126 250.164 7.92783 7.92783 0 5.17397 5.17397 0
bi_rrt_star 127 251.056 7.92783 7.92783 0 5.17397 5.17397 0
bi_rrt_star 128 253.07 7.92783 7.92783 0 5.17397 5.17397 0
bi_rrt_star 129 253.699 7.92783 7.92783 0 5.17397 5.17397 0
bi_rrt_star 130 254.605 7.92783 7.92783 0 5.17397 5.17397 0
bi_rrt_star 131 255.788 7.92783 7.92783 0 5.17397 5.17397 0
bi_rrt_star 132 256.553 7.92783 7.92783 0 5.17397 5.17397 0
bi_rrt_star 133 258.039 7.92783 7.92783 0 5.17397 5.17397 0
bi_rrt_star 134 261.8 7.92783 7.92783 0 5.17397 5.17397 0
bi_rrt_star 135 263.182 7.92783 7.92783 0 5.17397 5.17397 0
bi_rrt_star 136 264.73 7.92783 7.92783 0 5.17397 5.17397 0
bi_rrt_star 137 266.581 7.92783 7.92783 0 5.17397 5.17397 0
bi_rrt_star 138 269.473 7.92783 7.92783 0 5.17397 5.17397 0
bi_rrt_star 139 271.758 7.92783 7.92783 0 5.17397 5.17397 0
bi_rrt_star 140 274.625 7.92783 7.92783 0 5.17397 5.17397 0
bi_rrt_star 141 275.654 7.92783 7.92783 0 5.17397 5.17397 0
bi_rrt_star 142 276.593 7.92783 7.92783 0 5.17397 5.17397 0
bi_rrt_star 143 277.027 7.92783 7.92783 0 5.17397 5.17397 0
bi_rrt_star 144 278.902 7.92783 7.92783 0 5.17397 5.17397 0
bi_rrt_star 145 280.152 7.92783 7.92783 0 5.17397 5.17397 0
bi_rrt_star 146 280.574 7.92783 7.92783 0 5.17397 5.17397 0
bi_rrt_star 147 283.677 7.92783 7.92783 0 5.17397 5.17397 0
bi_rrt_star 148 286.186 7.92783 7.92783 0 5.17397 5.17397 0
bi_rrt_star 149 288.401 7.92783 7.92783 0 5.17397 5.17397 0
bi_rrt_star 150 291.7 7.92783 7.92783 0 5.17397 5.17397 0
bi_rrt_star 151 293.95 7.63608 7.63608 0 5.17397 5.17397 0
bi_rrt_star 152 297.952 7.63608 7.63608 0 5.17397 5.17397 0
bi_rrt_star 153 300.316 7.63608 7.63608 0 5.17397 5.17397 0
