planner_name iteration planning_time_elapsed cost_solution_total cost_solution_revolute cost_solution_prismatic theoretical_cost_total theoretical_cost_revolute theoretical_cost_prismatic
bi_rrt_star 1 0.478129 10000 10000 10000 0.6245 0.6245 0
bi_rrt_star 2 0.960091 10000 10000 10000 0.6245 0.6245 0
bi_rrt_star 3 1.44276 10000 10000 10000 0.6245 0.6245 0
bi_rrt_star 4 1.91295 10000 10000 10000 0.6245 0.6245 0
bi_rrt_star 5 2.38812 10000 10000 10000 0.6245 0.6245 0
bi_rrt_star 6 2.86015 10000 10000 10000 0.6245 0.6245 0
bi_rrt_star 7 3.34347 10000 10000 10000 0.6245 0.6245 0
bi_rrt_star 8 3.83608 10000 10000 10000 0.6245 0.6245 0
bi_rrt_star 9 4.32719 10000 10000 10000 0.6245 0.6245 0
bi_rrt_star 10 4.57644 10000 10000 10000 0.6245 0.6245 0
bi_rrt_star 11 5.0651 10000 10000 10000 0.6245 0.6245 0
bi_rrt_star 12 5.56186 10000 10000 10000 0.6245 0.6245 0
bi_rrt_star 13 6.04923 10000 10000 10000 0.6245 0.6245 0
bi_rrt_star 14 6.51667 10000 10000 10000 0.6245 0.6245 0
bi_rrt_star 15 6.99792 10000 10000 10000 0.6245 0.6245 0
bi_rrt_star 16 7.48562 10000 10000 10000 0.6245 0.6245 0
bi_rrt_star 17 7.99291 10000 10000 10000 0.6245 0.6245 0
bi_rrt_star 18 8.45535 10000 10000 10000 0.6245 0.6245 0
bi_rrt_star 19 8.93852 10000 10000 10000 0.6245 0.6245 0
bi_rrt_star 20 9.41071 10000 10000 10000 0.6245 0.6245 0
bi_rrt_star 21 9.89398 10000 10000 10000 0.6245 0.6245 0
bi_rrt_star 22 10.3606 10000 10000 10000 0.6245 0.6245 0
bi_rrt_star 23 10.8233 10000 10000 10000 0.6245 0.6245 0
bi_rrt_star 24 11.2903 10000 10000 10000 0.6245 0.6245 0
bi_rrt_star 25 11.7613 10000 10000 10000 0.6245 0.6245 0
bi_rrt_star 26 12.2446 10000 10000 10000 0.6245 0.6245 0
bi_rrt_star 27 12.701 10000 10000 10000 0.6245 0.6245 0
bi_rrt_star 28 12.9721 10000 10000 10000 0.6245 0.6245 0
bi_rrt_star 29 13.4366 10000 10000 10000 0.6245 0.6245 0
bi_rrt_star 30 13.9068 10000 10000 10000 0.6245 0.6245 0
bi_rrt_star 31 14.3801 10000 10000 10000 0.6245 0.6245 0
bi_rrt_star 32 14.8594 10000 10000 10000 0.6245 0.6245 0
bi_rrt_star 33 15.337 10000 10000 10000 0.6245 0.6245 0
bi_rrt_star 34 15.8312 10000 10000 10000 0.6245 0.6245 0
bi_rrt_star 35 16.3038 10000 10000 10000 0.6245 0.6245 0
bi_rrt_star 36 16.7882 10000 10000 10000 0.6245 0.6245 0
bi_rrt_star 37 17.2924 10000 10000 10000 0.6245 0.6245 0
bi_rrt_star 38 17.7924 10000 10000 10000 0.6245 0.6245 0
bi_rrt_star 39 18.0552 10000 10000 10000 0.6245 0.6245 0
bi_rrt_star 40 18.534 10000 10000 10000 0.6245 0.6245 0
bi_rrt_star 41 19.0233 10000 10000 10000 0.6245 0.6245 0
bi_rrt_star 42 19.5029 10000 10000 10000 0.6245 0.6245 0
bi_rrt_star 43 20.0108 10000 10000 10000 0.6245 0.6245 0
bi_rrt_star 44 20.4919 10000 10000 10000 0.6245 0.6245 0
bi_rrt_star 45 20.969 10000 10000 10000 0.6245 0.6245 0
bi_rrt_star 46 21.4526 10000 10000 10000 0.6245 0.6245 0
bi_rrt_star 47 21.9314 10000 10000 10000 0.6245 0.6245 0
bi_rrt_star 48 22.4093 10000 10000 10000 0.6245 0.6245 0
bi_rrt_star 49 22.6495 10000 10000 10000 0.6245 0.6245 0
bi_rrt_star 50 23.1282 10000 10000 10000 0.6245 0.6245 0
bi_rrt_star 51 23.6119 10000 10000 10000 0.6245 0.6245 0
bi_rrt_star 52 23.8626 10000 10000 10000 0.6245 0.6245 0
bi_rrt_star 53 24.3459 10000 10000 10000 0.6245 0.6245 0
bi_rrt_star 54 24.8305 10000 10000 10000 0.6245 0.6245 0
bi_rrt_star 55 25.0807 10000 10000 10000 0.6245 0.6245 0
bi_rrt_star 56 25.552 10000 10000 10000 0.6245 0.6245 0
bi_rrt_star 57 26.0299 10000 10000 10000 0.6245 0.6245 0
bi_rrt_star 58 26.5367 10000 10000 10000 0.6245 0.6245 0
bi_rrt_star 59 27.0261 10000 10000 10000 0.6245 0.6245 0
bi_rrt_star 60 27.2726 10000 10000 10000 0.6245 0.6245 0
bi_rrt_star 61 27.7649 10000 10000 10000 0.6245 0.6245 0
bi_rrt_star 62 28.0546 10000 10000 10000 0.6245 0.6245 0
bi_rrt_star 63 28.5521 10000 10000 10000 0.6245 0.6245 0
bi_rrt_star 64 29.0649 10000 10000 10000 0.6245 0.6245 0
bi_rrt_star 65 29.3282 10000 10000 10000 0.6245 0.6245 0
bi_rrt_star 66 29.8346 10000 10000 10000 0.6245 0.6245 0
bi_rrt_star 67 30.352 10000 10000 10000 0.6245 0.6245 0
bi_rrt_star 68 30.8372 10000 10000 10000 0.6245 0.6245 0
bi_rrt_star 69 31.3391 10000 10000 10000 0.6245 0.6245 0
bi_rrt_star 70 31.8188 10000 10000 10000 0.6245 0.6245 0
bi_rrt_star 71 32.3057 10000 10000 10000 0.6245 0.6245 0
bi_rrt_star 72 32.7818 10000 10000 10000 0.6245 0.6245 0
bi_rrt_star 73 33.0324 10000 10000 10000 0.6245 0.6245 0
bi_rrt_star 74 33.509 10000 10000 10000 0.6245 0.6245 0
bi_rrt_star 75 33.9794 10000 10000 10000 0.6245 0.6245 0
bi_rrt_star 76 34.4422 10000 10000 10000 0.6245 0.6245 0
bi_rrt_star 77 34.9287 10000 10000 10000 0.6245 0.6245 0
bi_rrt_star 78 35.176 10000 10000 10000 0.6245 0.6245 0
bi_rrt_star 79 35.4149 10000 10000 10000 0.6245 0.6245 0
bi_rrt_star 80 35.8871 10000 10000 10000 0.6245 0.6245 0
bi_rrt_star 81 36.1321 10000 10000 10000 0.6245 0.6245 0
bi_rrt_star 82 36.5982 10000 10000 10000 0.6245 0.6245 0
bi_rrt_star 83 37.0696 10000 10000 10000 0.6245 0.6245 0
bi_rrt_star 84 37.5545 10000 10000 10000 0.6245 0.6245 0
bi_rrt_star 85 37.8034 10000 10000 10000 0.6245 0.6245 0
bi_rrt_star 86 38.2904 10000 10000 10000 0.6245 0.6245 0
bi_rrt_star 87 38.7948 10000 10000 10000 0.6245 0.6245 0
bi_rrt_star 88 39.0458 10000 10000 10000 0.6245 0.6245 0
bi_rrt_star 89 39.2961 10000 10000 10000 0.6245 0.6245 0
bi_rrt_star 90 39.7893 10000 10000 10000 0.6245 0.6245 0
bi_rrt_star 91 40.2759 10000 10000 10000 0.6245 0.6245 0
bi_rrt_star 92 40.7704 10000 10000 10000 0.6245 0.6245 0
bi_rrt_star 93 41.0172 10000 10000 10000 0.6245 0.6245 0
bi_rrt_star 94 41.4866 10000 10000 10000 0.6245 0.6245 0
bi_rrt_star 95 41.7366 10000 10000 10000 0.6245 0.6245 0
bi_rrt_star 96 42.2319 10000 10000 10000 0.6245 0.6245 0
bi_rrt_star 97 42.7074 10000 10000 10000 0.6245 0.6245 0
bi_rrt_star 98 42.9675 10000 10000 10000 0.6245 0.6245 0
bi_rrt_star 99 43.2099 10000 10000 10000 0.6245 0.6245 0
bi_rrt_star 100 43.4635 10000 10000 10000 0.6245 0.6245 0
bi_rrt_star 101 43.9335 10000 10000 10000 0.6245 0.6245 0
bi_rrt_star 102 44.4262 10000 10000 10000 0.6245 0.6245 0
bi_rrt_star 103 44.906 10000 10000 10000 0.6245 0.6245 0
bi_rrt_star 104 45.3786 10000 10000 10000 0.6245 0.6245 0
bi_rrt_star 105 45.8586 10000 10000 10000 0.6245 0.6245 0
bi_rrt_star 106 46.1073 10000 10000 10000 0.6245 0.6245 0
bi_rrt_star 107 46.6005 10000 10000 10000 0.6245 0.6245 0
bi_rrt_star 108 47.0902 10000 10000 10000 0.6245 0.6245 0
bi_rrt_star 109 47.5891 10000 10000 10000 0.6245 0.6245 0
bi_rrt_star 110 48.0794 10000 10000 10000 0.6245 0.6245 0
bi_rrt_star 111 48.5658 10000 10000 10000 0.6245 0.6245 0
bi_rrt_star 112 48.8105 10000 10000 10000 0.6245 0.6245 0
bi_rrt_star 113 49.0544 10000 10000 10000 0.6245 0.6245 0
bi_rrt_star 114 49.5322 10000 10000 10000 0.6245 0.6245 0
bi_rrt_star 115 50.0116 10000 10000 10000 0.6245 0.6245 0
bi_rrt_star 116 50.4898 10000 10000 10000 0.6245 0.6245 0
bi_rrt_star 117 50.7357 10000 10000 10000 0.6245 0.6245 0
bi_rrt_star 118 51.2127 10000 10000 10000 0.6245 0.6245 0
bi_rrt_star 119 51.7131 10000 10000 10000 0.6245 0.6245 0
bi_rrt_star 120 52.2308 10000 10000 10000 0.6245 0.6245 0
bi_rrt_star 121 52.7285 10000 10000 10000 0.6245 0.6245 0
bi_rrt_star 122 53.2107 10000 10000 10000 0.6245 0.6245 0
bi_rrt_star 123 53.4554 10000 10000 10000 0.6245 0.6245 0
bi_rrt_star 124 53.9327 10000 10000 10000 0.6245 0.6245 0
bi_rrt_star 125 54.411 10000 10000 10000 0.6245 0.6245 0
bi_rrt_star 126 54.914 10000 10000 10000 0.6245 0.6245 0
bi_rrt_star 127 55.395 10000 10000 10000 0.6245 0.6245 0
bi_rrt_star 128 55.6444 10000 10000 10000 0.6245 0.6245 0
bi_rrt_star 129 56.1163 10000 10000 10000 0.6245 0.6245 0
bi_rrt_star 130 56.59 10000 10000 10000 0.6245 0.6245 0
bi_rrt_star 131 57.06 10000 10000 10000 0.6245 0.6245 0
bi_rrt_star 132 57.5461 10000 10000 10000 0.6245 0.6245 0
bi_rrt_star 133 58.0512 10000 10000 10000 0.6245 0.6245 0
bi_rrt_star 134 58.5395 10000 10000 10000 0.6245 0.6245 0
bi_rrt_star 135 59.0137 10000 10000 10000 0.6245 0.6245 0
bi_rrt_star 136 59.4861 10000 10000 10000 0.6245 0.6245 0
bi_rrt_star 137 59.7235 10000 10000 10000 0.6245 0.6245 0
bi_rrt_star 138 60.2129 10000 10000 10000 0.6245 0.6245 0
bi_rrt_star 139 60.4687 10000 10000 10000 0.6245 0.6245 0
bi_rrt_star 140 60.9502 10000 10000 10000 0.6245 0.6245 0
bi_rrt_star 141 61.4342 10000 10000 10000 0.6245 0.6245 0
bi_rrt_star 142 61.9151 10000 10000 10000 0.6245 0.6245 0
bi_rrt_star 143 62.1699 10000 10000 10000 0.6245 0.6245 0
bi_rrt_star 144 62.6651 10000 10000 10000 0.6245 0.6245 0
bi_rrt_star 145 62.9078 10000 10000 10000 0.6245 0.6245 0
bi_rrt_star 146 63.3986 10000 10000 10000 0.6245 0.6245 0
bi_rrt_star 147 63.6611 10000 10000 10000 0.6245 0.6245 0
bi_rrt_star 148 64.1413 10000 10000 10000 0.6245 0.6245 0
bi_rrt_star 149 64.3945 10000 10000 10000 0.6245 0.6245 0
bi_rrt_star 150 64.8845 10000 10000 10000 0.6245 0.6245 0
bi_rrt_star 151 65.3826 10000 10000 10000 0.6245 0.6245 0
bi_rrt_star 152 65.6296 10000 10000 10000 0.6245 0.6245 0
bi_rrt_star 153 66.1228 10000 10000 10000 0.6245 0.6245 0
bi_rrt_star 154 66.6056 10000 10000 10000 0.6245 0.6245 0
bi_rrt_star 155 67.0893 10000 10000 10000 0.6245 0.6245 0
bi_rrt_star 156 67.5759 10000 10000 10000 0.6245 0.6245 0
bi_rrt_star 157 68.0576 10000 10000 10000 0.6245 0.6245 0
bi_rrt_star 158 68.5484 10000 10000 10000 0.6245 0.6245 0
bi_rrt_star 159 68.7964 10000 10000 10000 0.6245 0.6245 0
bi_rrt_star 160 69.2945 10000 10000 10000 0.6245 0.6245 0
bi_rrt_star 161 69.7781 10000 10000 10000 0.6245 0.6245 0
bi_rrt_star 162 70.0407 10000 10000 10000 0.6245 0.6245 0
bi_rrt_star 163 70.5355 10000 10000 10000 0.6245 0.6245 0
bi_rrt_star 164 71.0184 10000 10000 10000 0.6245 0.6245 0
bi_rrt_star 165 71.5072 10000 10000 10000 0.6245 0.6245 0
bi_rrt_star 166 71.9955 10000 10000 10000 0.6245 0.6245 0
bi_rrt_star 167 72.4838 10000 10000 10000 0.6245 0.6245 0
bi_rrt_star 168 72.9601 10000 10000 10000 0.6245 0.6245 0
bi_rrt_star 169 73.4484 10000 10000 10000 0.6245 0.6245 0
bi_rrt_star 170 73.7076 10000 10000 10000 0.6245 0.6245 0
bi_rrt_star 171 74.1988 10000 10000 10000 0.6245 0.6245 0
bi_rrt_star 172 74.454 10000 10000 10000 0.6245 0.6245 0
bi_rrt_star 173 74.9404 10000 10000 10000 0.6245 0.6245 0
bi_rrt_star 174 75.4132 10000 10000 10000 0.6245 0.6245 0
bi_rrt_star 175 75.8805 10000 10000 10000 0.6245 0.6245 0
bi_rrt_star 176 76.3542 10000 10000 10000 0.6245 0.6245 0
bi_rrt_star 177 76.8214 10000 10000 10000 0.6245 0.6245 0
bi_rrt_star 178 77.2996 10000 10000 10000 0.6245 0.6245 0
bi_rrt_star 179 77.5557 10000 10000 10000 0.6245 0.6245 0
bi_rrt_star 180 78.0434 10000 10000 10000 0.6245 0.6245 0
bi_rrt_star 181 78.5325 10000 10000 10000 0.6245 0.6245 0
bi_rrt_star 182 79.02 10000 10000 10000 0.6245 0.6245 0
bi_rrt_star 183 79.5051 10000 10000 10000 0.6245 0.6245 0
bi_rrt_star 184 79.9928 10000 10000 10000 0.6245 0.6245 0
bi_rrt_star 185 80.4802 10000 10000 10000 0.6245 0.6245 0
bi_rrt_star 186 80.9602 10000 10000 10000 0.6245 0.6245 0
bi_rrt_star 187 81.4383 10000 10000 10000 0.6245 0.6245 0
bi_rrt_star 188 81.9251 10000 10000 10000 0.6245 0.6245 0
bi_rrt_star 189 82.1755 10000 10000 10000 0.6245 0.6245 0
bi_rrt_star 190 82.655 10000 10000 10000 0.6245 0.6245 0
bi_rrt_star 191 83.155 10000 10000 10000 0.6245 0.6245 0
bi_rrt_star 192 83.6436 10000 10000 10000 0.6245 0.6245 0
bi_rrt_star 193 84.1334 10000 10000 10000 0.6245 0.6245 0
bi_rrt_star 194 84.6099 10000 10000 10000 0.6245 0.6245 0
bi_rrt_star 195 84.8539 10000 10000 10000 0.6245 0.6245 0
bi_rrt_star 196 85.3311 10000 10000 10000 0.6245 0.6245 0
bi_rrt_star 197 85.5659 10000 10000 10000 0.6245 0.6245 0
bi_rrt_star 198 85.8022 10000 10000 10000 0.6245 0.6245 0
bi_rrt_star 199 86.2766 10000 10000 10000 0.6245 0.6245 0
bi_rrt_star 200 86.7477 10000 10000 10000 0.6245 0.6245 0
bi_rrt_star 201 86.9837 10000 10000 10000 0.6245 0.6245 0
bi_rrt_star 202 87.4568 10000 10000 10000 0.6245 0.6245 0
bi_rrt_star 203 87.7027 10000 10000 10000 0.6245 0.6245 0
bi_rrt_star 204 88.1756 10000 10000 10000 0.6245 0.6245 0
bi_rrt_star 205 88.6607 10000 10000 10000 0.6245 0.6245 0
bi_rrt_star 206 89.1482 10000 10000 10000 0.6245 0.6245 0
bi_rrt_star 207 89.6386 10000 10000 10000 0.6245 0.6245 0
bi_rrt_star 208 89.892 10000 10000 10000 0.6245 0.6245 0
bi_rrt_star 209 90.378 10000 10000 10000 0.6245 0.6245 0
bi_rrt_star 210 90.8661 10000 10000 10000 0.6245 0.6245 0
bi_rrt_star 211 91.3535 10000 10000 10000 0.6245 0.6245 0
bi_rrt_star 212 91.8466 10000 10000 10000 0.6245 0.6245 0
bi_rrt_star 213 92.0932 10000 10000 10000 0.6245 0.6245 0
bi_rrt_star 214 92.5828 10000 10000 10000 0.6245 0.6245 0
bi_rrt_star 215 93.0786 10000 10000 10000 0.6245 0.6245 0
bi_rrt_star 216 93.5658 10000 10000 10000 0.6245 0.6245 0
bi_rrt_star 217 94.0504 10000 10000 10000 0.6245 0.6245 0
bi_rrt_star 218 94.2975 10000 10000 10000 0.6245 0.6245 0
bi_rrt_star 219 94.7902 10000 10000 10000 0.6245 0.6245 0
bi_rrt_star 220 95.2783 10000 10000 10000 0.6245 0.6245 0
bi_rrt_star 221 95.766 10000 10000 10000 0.6245 0.6245 0
bi_rrt_star 222 96.2424 10000 10000 10000 0.6245 0.6245 0
bi_rrt_star 223 96.7296 10000 10000 10000 0.6245 0.6245 0
bi_rrt_star 224 97.2143 10000 10000 10000 0.6245 0.6245 0
bi_rrt_star 225 97.6968 10000 10000 10000 0.6245 0.6245 0
bi_rrt_star 226 98.1927 10000 10000 10000 0.6245 0.6245 0
bi_rrt_star 227 98.6823 10000 10000 10000 0.6245 0.6245 0
bi_rrt_star 228 99.1587 10000 10000 10000 0.6245 0.6245 0
bi_rrt_star 229 99.6592 10000 10000 10000 0.6245 0.6245 0
bi_rrt_star 230 100.139 10000 10000 10000 0.6245 0.6245 0
bi_rrt_star 231 100.62 10000 10000 10000 0.6245 0.6245 0
bi_rrt_star 232 101.102 10000 10000 10000 0.6245 0.6245 0
bi_rrt_star 233 101.603 10000 10000 10000 0.6245 0.6245 0
bi_rrt_star 234 102.089 10000 10000 10000 0.6245 0.6245 0
bi_rrt_star 235 102.339 10000 10000 10000 0.6245 0.6245 0
bi_rrt_star 236 102.822 10000 10000 10000 0.6245 0.6245 0
bi_rrt_star 237 103.07 10000 10000 10000 0.6245 0.6245 0
bi_rrt_star 238 103.562 10000 10000 10000 0.6245 0.6245 0
bi_rrt_star 239 104.044 10000 10000 10000 0.6245 0.6245 0
bi_rrt_star 240 104.525 10000 10000 10000 0.6245 0.6245 0
bi_rrt_star 241 105.009 10000 10000 10000 0.6245 0.6245 0
bi_rrt_star 242 105.495 10000 10000 10000 0.6245 0.6245 0
bi_rrt_star 243 105.753 10000 10000 10000 0.6245 0.6245 0
bi_rrt_star 244 106.229 10000 10000 10000 0.6245 0.6245 0
bi_rrt_star 245 106.72 10000 10000 10000 0.6245 0.6245 0
bi_rrt_star 246 106.976 10000 10000 10000 0.6245 0.6245 0
bi_rrt_star 247 107.245 10000 10000 10000 0.6245 0.6245 0
bi_rrt_star 248 107.503 10000 10000 10000 0.6245 0.6245 0
bi_rrt_star 249 107.992 10000 10000 10000 0.6245 0.6245 0
bi_rrt_star 250 108.25 10000 10000 10000 0.6245 0.6245 0
bi_rrt_star 251 108.733 10000 10000 10000 0.6245 0.6245 0
bi_rrt_star 252 109.22 10000 10000 10000 0.6245 0.6245 0
bi_rrt_star 253 109.696 10000 10000 10000 0.6245 0.6245 0
bi_rrt_star 254 109.943 10000 10000 10000 0.6245 0.6245 0
bi_rrt_star 255 110.434 10000 10000 10000 0.6245 0.6245 0
bi_rrt_star 256 110.682 10000 10000 10000 0.6245 0.6245 0
bi_rrt_star 257 111.173 10000 10000 10000 0.6245 0.6245 0
bi_rrt_star 258 111.65 10000 10000 10000 0.6245 0.6245 0
bi_rrt_star 259 111.897 10000 10000 10000 0.6245 0.6245 0
bi_rrt_star 260 112.389 10000 10000 10000 0.6245 0.6245 0
bi_rrt_star 261 112.644 10000 10000 10000 0.6245 0.6245 0
bi_rrt_star 262 113.127 10000 10000 10000 0.6245 0.6245 0
bi_rrt_star 263 113.609 10000 10000 10000 0.6245 0.6245 0
bi_rrt_star 264 113.859 10000 10000 10000 0.6245 0.6245 0
bi_rrt_star 265 114.335 10000 10000 10000 0.6245 0.6245 0
bi_rrt_star 266 114.808 10000 10000 10000 0.6245 0.6245 0
bi_rrt_star 267 115.295 10000 10000 10000 0.6245 0.6245 0
bi_rrt_star 268 115.771 10000 10000 10000 0.6245 0.6245 0
bi_rrt_star 269 116.016 10000 10000 10000 0.6245 0.6245 0
bi_rrt_star 270 116.493 10000 10000 10000 0.6245 0.6245 0
bi_rrt_star 271 116.981 10000 10000 10000 0.6245 0.6245 0
bi_rrt_star 272 117.229 10000 10000 10000 0.6245 0.6245 0
bi_rrt_star 273 117.73 10000 10000 10000 0.6245 0.6245 0
bi_rrt_star 274 117.987 10000 10000 10000 0.6245 0.6245 0
bi_rrt_star 275 118.471 10000 10000 10000 0.6245 0.6245 0
bi_rrt_star 276 118.947 10000 10000 10000 0.6245 0.6245 0
bi_rrt_star 277 119.428 10000 10000 10000 0.6245 0.6245 0
bi_rrt_star 278 119.908 10000 10000 10000 0.6245 0.6245 0
bi_rrt_star 279 120.152 10000 10000 10000 0.6245 0.6245 0
bi_rrt_star 280 120.628 10000 10000 10000 0.6245 0.6245 0
bi_rrt_star 281 120.872 10000 10000 10000 0.6245 0.6245 0
bi_rrt_star 282 121.35 10000 10000 10000 0.6245 0.6245 0
bi_rrt_star 283 121.83 10000 10000 10000 0.6245 0.6245 0
bi_rrt_star 284 122.312 10000 10000 10000 0.6245 0.6245 0
bi_rrt_star 285 122.809 10000 10000 10000 0.6245 0.6245 0
bi_rrt_star 286 123.293 10000 10000 10000 0.6245 0.6245 0
bi_rrt_star 287 123.784 10000 10000 10000 0.6245 0.6245 0
bi_rrt_star 288 124.272 10000 10000 10000 0.6245 0.6245 0
bi_rrt_star 289 124.517 10000 10000 10000 0.6245 0.6245 0
bi_rrt_star 290 124.996 10000 10000 10000 0.6245 0.6245 0
bi_rrt_star 291 125.488 10000 10000 10000 0.6245 0.6245 0
bi_rrt_star 292 125.978 10000 10000 10000 0.6245 0.6245 0
bi_rrt_star 293 126.465 10000 10000 10000 0.6245 0.6245 0
bi_rrt_star 294 126.705 10000 10000 10000 0.6245 0.6245 0
bi_rrt_star 295 127.191 10000 10000 10000 0.6245 0.6245 0
bi_rrt_star 296 127.663 10000 10000 10000 0.6245 0.6245 0
bi_rrt_star 297 127.902 10000 10000 10000 0.6245 0.6245 0
bi_rrt_star 298 127.922 10000 10000 10000 0.6245 0.6245 0
bi_rrt_star 299 128.163 10000 10000 10000 0.6245 0.6245 0
bi_rrt_star 300 128.643 10000 10000 10000 0.6245 0.6245 0
bi_rrt_star 301 129.113 10000 10000 10000 0.6245 0.6245 0
bi_rrt_star 302 129.345 10000 10000 10000 0.6245 0.6245 0
bi_rrt_star 303 129.824 10000 10000 10000 0.6245 0.6245 0
bi_rrt_star 304 130.317 10000 10000 10000 0.6245 0.6245 0
bi_rrt_star 305 130.569 10000 10000 10000 0.6245 0.6245 0
bi_rrt_star 306 131.06 10000 10000 10000 0.6245 0.6245 0
bi_rrt_star 307 131.319 10000 10000 10000 0.6245 0.6245 0
bi_rrt_star 308 131.797 10000 10000 10000 0.6245 0.6245 0
bi_rrt_star 309 132.288 10000 10000 10000 0.6245 0.6245 0
bi_rrt_star 310 132.77 10000 10000 10000 0.6245 0.6245 0
bi_rrt_star 311 133.252 10000 10000 10000 0.6245 0.6245 0
bi_rrt_star 312 133.744 10000 10000 10000 0.6245 0.6245 0
bi_rrt_star 313 134.222 10000 10000 10000 0.6245 0.6245 0
bi_rrt_star 314 134.718 10000 10000 10000 0.6245 0.6245 0
bi_rrt_star 315 134.963 10000 10000 10000 0.6245 0.6245 0
bi_rrt_star 316 135.445 10000 10000 10000 0.6245 0.6245 0
bi_rrt_star 317 135.933 10000 10000 10000 0.6245 0.6245 0
bi_rrt_star 318 136.41 10000 10000 10000 0.6245 0.6245 0
bi_rrt_star 319 136.897 10000 10000 10000 0.6245 0.6245 0
bi_rrt_star 320 137.381 10000 10000 10000 0.6245 0.6245 0
bi_rrt_star 321 137.877 10000 10000 10000 0.6245 0.6245 0
bi_rrt_star 322 138.123 10000 10000 10000 0.6245 0.6245 0
bi_rrt_star 323 138.596 10000 10000 10000 0.6245 0.6245 0
bi_rrt_star 324 139.067 10000 10000 10000 0.6245 0.6245 0
bi_rrt_star 325 139.308 10000 10000 10000 0.6245 0.6245 0
bi_rrt_star 326 139.776 10000 10000 10000 0.6245 0.6245 0
bi_rrt_star 327 140.25 10000 10000 10000 0.6245 0.6245 0
bi_rrt_star 328 140.726 10000 10000 10000 0.6245 0.6245 0
bi_rrt_star 329 141.213 10000 10000 10000 0.6245 0.6245 0
bi_rrt_star 330 141.692 10000 10000 10000 0.6245 0.6245 0
bi_rrt_star 331 142.192 10000 10000 10000 0.6245 0.6245 0
bi_rrt_star 332 142.678 10000 10000 10000 0.6245 0.6245 0
bi_rrt_star 333 143.163 10000 10000 10000 0.6245 0.6245 0
bi_rrt_star 334 143.633 10000 10000 10000 0.6245 0.6245 0
bi_rrt_star 335 143.88 10000 10000 10000 0.6245 0.6245 0
bi_rrt_star 336 144.358 10000 10000 10000 0.6245 0.6245 0
bi_rrt_star 337 144.618 10000 10000 10000 0.6245 0.6245 0
bi_rrt_star 338 145.101 10000 10000 10000 0.6245 0.6245 0
bi_rrt_star 339 145.584 10000 10000 10000 0.6245 0.6245 0
bi_rrt_star 340 146.084 10000 10000 10000 0.6245 0.6245 0
bi_rrt_star 341 146.341 10000 10000 10000 0.6245 0.6245 0
bi_rrt_star 342 146.601 10000 10000 10000 0.6245 0.6245 0
bi_rrt_star 343 147.097 10000 10000 10000 0.6245 0.6245 0
bi_rrt_star 344 147.595 10000 10000 10000 0.6245 0.6245 0
bi_rrt_star 345 148.09 10000 10000 10000 0.6245 0.6245 0
bi_rrt_star 346 148.58 10000 10000 10000 0.6245 0.6245 0
bi_rrt_star 347 148.834 10000 10000 10000 0.6245 0.6245 0
bi_rrt_star 348 149.325 10000 10000 10000 0.6245 0.6245 0
bi_rrt_star 349 149.821 10000 10000 10000 0.6245 0.6245 0
bi_rrt_star 350 150.311 10000 10000 10000 0.6245 0.6245 0
bi_rrt_star 351 150.794 10000 10000 10000 0.6245 0.6245 0
bi_rrt_star 352 151.044 10000 10000 10000 0.6245 0.6245 0
bi_rrt_star 353 151.54 10000 10000 10000 0.6245 0.6245 0
bi_rrt_star 354 152.029 10000 10000 10000 0.6245 0.6245 0
bi_rrt_star 355 152.507 10000 10000 10000 0.6245 0.6245 0
bi_rrt_star 356 152.763 10000 10000 10000 0.6245 0.6245 0
bi_rrt_star 357 153.263 10000 10000 10000 0.6245 0.6245 0
bi_rrt_star 358 153.744 10000 10000 10000 0.6245 0.6245 0
bi_rrt_star 359 154.228 10000 10000 10000 0.6245 0.6245 0
bi_rrt_star 360 154.717 10000 10000 10000 0.6245 0.6245 0
bi_rrt_star 361 154.971 10000 10000 10000 0.6245 0.6245 0
bi_rrt_star 362 155.46 10000 10000 10000 0.6245 0.6245 0
bi_rrt_star 363 155.954 10000 10000 10000 0.6245 0.6245 0
bi_rrt_star 364 156.446 10000 10000 10000 0.6245 0.6245 0
bi_rrt_star 365 156.928 10000 10000 10000 0.6245 0.6245 0
bi_rrt_star 366 157.405 10000 10000 10000 0.6245 0.6245 0
bi_rrt_star 367 157.646 10000 10000 10000 0.6245 0.6245 0
bi_rrt_star 368 157.888 10000 10000 10000 0.6245 0.6245 0
bi_rrt_star 369 158.374 10000 10000 10000 0.6245 0.6245 0
bi_rrt_star 370 158.859 10000 10000 10000 0.6245 0.6245 0
bi_rrt_star 371 159.346 10000 10000 10000 0.6245 0.6245 0
bi_rrt_star 372 159.595 10000 10000 10000 0.6245 0.6245 0
bi_rrt_star 373 159.857 10000 10000 10000 0.6245 0.6245 0
bi_rrt_star 374 160.344 10000 10000 10000 0.6245 0.6245 0
bi_rrt_star 375 160.613 10000 10000 10000 0.6245 0.6245 0
bi_rrt_star 376 161.098 10000 10000 10000 0.6245 0.6245 0
bi_rrt_star 377 161.586 10000 10000 10000 0.6245 0.6245 0
bi_rrt_star 378 161.843 10000 10000 10000 0.6245 0.6245 0
bi_rrt_star 379 162.097 10000 10000 10000 0.6245 0.6245 0
bi_rrt_star 380 162.371 10000 10000 10000 0.6245 0.6245 0
bi_rrt_star 381 162.858 10000 10000 10000 0.6245 0.6245 0
bi_rrt_star 382 163.341 10000 10000 10000 0.6245 0.6245 0
bi_rrt_star 383 163.835 10000 10000 10000 0.6245 0.6245 0
bi_rrt_star 384 164.329 10000 10000 10000 0.6245 0.6245 0
bi_rrt_star 385 164.813 10000 10000 10000 0.6245 0.6245 0
bi_rrt_star 386 165.071 10000 10000 10000 0.6245 0.6245 0
bi_rrt_star 387 165.316 10000 10000 10000 0.6245 0.6245 0
bi_rrt_star 388 165.794 10000 10000 10000 0.6245 0.6245 0
bi_rrt_star 389 166.271 10000 10000 10000 0.6245 0.6245 0
bi_rrt_star 390 166.751 10000 10000 10000 0.6245 0.6245 0
bi_rrt_star 391 166.993 10000 10000 10000 0.6245 0.6245 0
bi_rrt_star 392 167.245 10000 10000 10000 0.6245 0.6245 0
bi_rrt_star 393 167.496 10000 10000 10000 0.6245 0.6245 0
bi_rrt_star 394 167.974 10000 10000 10000 0.6245 0.6245 0
bi_rrt_star 395 168.461 10000 10000 10000 0.6245 0.6245 0
bi_rrt_star 396 168.718 10000 10000 10000 0.6245 0.6245 0
bi_rrt_star 397 169.199 10000 10000 10000 0.6245 0.6245 0
bi_rrt_star 398 169.683 10000 10000 10000 0.6245 0.6245 0
bi_rrt_star 399 170.173 10000 10000 10000 0.6245 0.6245 0
bi_rrt_star 400 170.66 10000 10000 10000 0.6245 0.6245 0
bi_rrt_star 401 171.153 10000 10000 10000 0.6245 0.6245 0
bi_rrt_star 402 171.646 10000 10000 10000 0.6245 0.6245 0
bi_rrt_star 403 172.141 10000 10000 10000 0.6245 0.6245 0
bi_rrt_star 404 172.396 10000 10000 10000 0.6245 0.6245 0
bi_rrt_star 405 172.645 10000 10000 10000 0.6245 0.6245 0
bi_rrt_star 406 172.898 10000 10000 10000 0.6245 0.6245 0
bi_rrt_star 407 173.388 10000 10000 10000 0.6245 0.6245 0
bi_rrt_star 408 173.885 10000 10000 10000 0.6245 0.6245 0
bi_rrt_star 409 174.376 10000 10000 10000 0.6245 0.6245 0
bi_rrt_star 410 174.873 10000 10000 10000 0.6245 0.6245 0
bi_rrt_star 411 175.131 10000 10000 10000 0.6245 0.6245 0
bi_rrt_star 412 175.4 10000 10000 10000 0.6245 0.6245 0
bi_rrt_star 413 175.653 10000 10000 10000 0.6245 0.6245 0
bi_rrt_star 414 176.138 10000 10000 10000 0.6245 0.6245 0
bi_rrt_star 415 176.389 10000 10000 10000 0.6245 0.6245 0
bi_rrt_star 416 176.888 10000 10000 10000 0.6245 0.6245 0
bi_rrt_star 417 177.394 10000 10000 10000 0.6245 0.6245 0
bi_rrt_star 418 177.666 10000 10000 10000 0.6245 0.6245 0
bi_rrt_star 419 177.918 10000 10000 10000 0.6245 0.6245 0
bi_rrt_star 420 178.189 10000 10000 10000 0.6245 0.6245 0
bi_rrt_star 421 178.443 10000 10000 10000 0.6245 0.6245 0
bi_rrt_star 422 178.927 10000 10000 10000 0.6245 0.6245 0
bi_rrt_star 423 179.419 10000 10000 10000 0.6245 0.6245 0
bi_rrt_star 424 179.923 10000 10000 10000 0.6245 0.6245 0
bi_rrt_star 425 180.42 10000 10000 10000 0.6245 0.6245 0
bi_rrt_star 426 180.921 10000 10000 10000 0.6245 0.6245 0
bi_rrt_star 427 181.434 10000 10000 10000 0.6245 0.6245 0
bi_rrt_star 428 181.935 10000 10000 10000 0.6245 0.6245 0
bi_rrt_star 429 182.181 10000 10000 10000 0.6245 0.6245 0
bi_rrt_star 430 182.671 10000 10000 10000 0.6245 0.6245 0
bi_rrt_star 431 182.924 10000 10000 10000 0.6245 0.6245 0
bi_rrt_star 432 183.424 10000 10000 10000 0.6245 0.6245 0
bi_rrt_star 433 183.921 10000 10000 10000 0.6245 0.6245 0
bi_rrt_star 434 184.416 10000 10000 10000 0.6245 0.6245 0
bi_rrt_star 435 184.912 10000 10000 10000 0.6245 0.6245 0
bi_rrt_star 436 185.4 10000 10000 10000 0.6245 0.6245 0
bi_rrt_star 437 185.898 10000 10000 10000 0.6245 0.6245 0
bi_rrt_star 438 186.406 10000 10000 10000 0.6245 0.6245 0
bi_rrt_star 439 186.928 10000 10000 10000 0.6245 0.6245 0
bi_rrt_star 440 187.442 10000 10000 10000 0.6245 0.6245 0
bi_rrt_star 441 187.728 10000 10000 10000 0.6245 0.6245 0
bi_rrt_star 442 187.995 10000 10000 10000 0.6245 0.6245 0
bi_rrt_star 443 188.251 10000 10000 10000 0.6245 0.6245 0
bi_rrt_star 444 188.751 10000 10000 10000 0.6245 0.6245 0
bi_rrt_star 445 188.999 10000 10000 10000 0.6245 0.6245 0
bi_rrt_star 446 189.505 10000 10000 10000 0.6245 0.6245 0
bi_rrt_star 447 189.991 10000 10000 10000 0.6245 0.6245 0
bi_rrt_star 448 190.238 10000 10000 10000 0.6245 0.6245 0
bi_rrt_star 449 190.733 10000 10000 10000 0.6245 0.6245 0
bi_rrt_star 450 190.979 10000 10000 10000 0.6245 0.6245 0
bi_rrt_star 451 191.234 10000 10000 10000 0.6245 0.6245 0
bi_rrt_star 452 191.488 10000 10000 10000 0.6245 0.6245 0
bi_rrt_star 453 191.994 10000 10000 10000 0.6245 0.6245 0
bi_rrt_star 454 192.498 10000 10000 10000 0.6245 0.6245 0
bi_rrt_star 455 193 10000 10000 10000 0.6245 0.6245 0
bi_rrt_star 456 193.265 10000 10000 10000 0.6245 0.6245 0
bi_rrt_star 457 193.762 10000 10000 10000 0.6245 0.6245 0
bi_rrt_star 458 194.264 10000 10000 10000 0.6245 0.6245 0
bi_rrt_star 459 194.76 10000 10000 10000 0.6245 0.6245 0
bi_rrt_star 460 195.241 10000 10000 10000 0.6245 0.6245 0
bi_rrt_star 461 195.719 10000 10000 10000 0.6245 0.6245 0
bi_rrt_star 462 196.196 10000 10000 10000 0.6245 0.6245 0
bi_rrt_star 463 196.684 10000 10000 10000 0.6245 0.6245 0
bi_rrt_star 464 196.93 10000 10000 10000 0.6245 0.6245 0
bi_rrt_star 465 197.411 10000 10000 10000 0.6245 0.6245 0
bi_rrt_star 466 197.876 10000 10000 10000 0.6245 0.6245 0
bi_rrt_star 467 198.348 10000 10000 10000 0.6245 0.6245 0
bi_rrt_star 468 198.59 10000 10000 10000 0.6245 0.6245 0
bi_rrt_star 469 199.065 10000 10000 10000 0.6245 0.6245 0
bi_rrt_star 470 199.31 10000 10000 10000 0.6245 0.6245 0
bi_rrt_star 471 199.788 10000 10000 10000 0.6245 0.6245 0
bi_rrt_star 472 199.804 10000 10000 10000 0.6245 0.6245 0
bi_rrt_star 473 200.303 10000 10000 10000 0.6245 0.6245 0
bi_rrt_star 474 200.786 10000 10000 10000 0.6245 0.6245 0
bi_rrt_star 475 201.03 10000 10000 10000 0.6245 0.6245 0
bi_rrt_star 476 201.279 10000 10000 10000 0.6245 0.6245 0
bi_rrt_star 477 201.747 10000 10000 10000 0.6245 0.6245 0
bi_rrt_star 478 202.237 10000 10000 10000 0.6245 0.6245 0
bi_rrt_star 479 202.722 10000 10000 10000 0.6245 0.6245 0
bi_rrt_star 480 203.224 10000 10000 10000 0.6245 0.6245 0
bi_rrt_star 481 203.477 10000 10000 10000 0.6245 0.6245 0
bi_rrt_star 482 203.953 10000 10000 10000 0.6245 0.6245 0
bi_rrt_star 483 204.201 10000 10000 10000 0.6245 0.6245 0
bi_rrt_star 484 204.442 10000 10000 10000 0.6245 0.6245 0
bi_rrt_star 485 204.92 10000 10000 10000 0.6245 0.6245 0
bi_rrt_star 486 205.396 10000 10000 10000 0.6245 0.6245 0
bi_rrt_star 487 205.631 10000 10000 10000 0.6245 0.6245 0
bi_rrt_star 488 206.104 10000 10000 10000 0.6245 0.6245 0
bi_rrt_star 489 206.583 10000 10000 10000 0.6245 0.6245 0
bi_rrt_star 490 207.061 10000 10000 10000 0.6245 0.6245 0
bi_rrt_star 491 207.557 10000 10000 10000 0.6245 0.6245 0
bi_rrt_star 492 207.805 10000 10000 10000 0.6245 0.6245 0
bi_rrt_star 493 208.054 10000 10000 10000 0.6245 0.6245 0
bi_rrt_star 494 208.551 10000 10000 10000 0.6245 0.6245 0
bi_rrt_star 495 209.042 10000 10000 10000 0.6245 0.6245 0
bi_rrt_star 496 209.537 10000 10000 10000 0.6245 0.6245 0
bi_rrt_star 497 210.026 10000 10000 10000 0.6245 0.6245 0
bi_rrt_star 498 210.506 10000 10000 10000 0.6245 0.6245 0
bi_rrt_star 499 210.996 10000 10000 10000 0.6245 0.6245 0
bi_rrt_star 500 211.479 10000 10000 10000 0.6245 0.6245 0
bi_rrt_star 501 211.967 10000 10000 10000 0.6245 0.6245 0
bi_rrt_star 502 212.216 10000 10000 10000 0.6245 0.6245 0
bi_rrt_star 503 212.458 10000 10000 10000 0.6245 0.6245 0
bi_rrt_star 504 212.703 10000 10000 10000 0.6245 0.6245 0
bi_rrt_star 505 213.206 10000 10000 10000 0.6245 0.6245 0
bi_rrt_star 506 213.7 10000 10000 10000 0.6245 0.6245 0
bi_rrt_star 507 214.18 10000 10000 10000 0.6245 0.6245 0
bi_rrt_star 508 214.669 10000 10000 10000 0.6245 0.6245 0
bi_rrt_star 509 215.143 10000 10000 10000 0.6245 0.6245 0
bi_rrt_star 510 215.384 10000 10000 10000 0.6245 0.6245 0
bi_rrt_star 511 215.848 10000 10000 10000 0.6245 0.6245 0
bi_rrt_star 512 216.087 10000 10000 10000 0.6245 0.6245 0
bi_rrt_star 513 216.558 10000 10000 10000 0.6245 0.6245 0
bi_rrt_star 514 217.038 10000 10000 10000 0.6245 0.6245 0
bi_rrt_star 515 217.52 10000 10000 10000 0.6245 0.6245 0
bi_rrt_star 516 217.768 10000 10000 10000 0.6245 0.6245 0
bi_rrt_star 517 218.241 10000 10000 10000 0.6245 0.6245 0
bi_rrt_star 518 218.483 10000 10000 10000 0.6245 0.6245 0
bi_rrt_star 519 218.986 10000 10000 10000 0.6245 0.6245 0
bi_rrt_star 520 219.229 10000 10000 10000 0.6245 0.6245 0
bi_rrt_star 521 219.472 10000 10000 10000 0.6245 0.6245 0
bi_rrt_star 522 219.949 10000 10000 10000 0.6245 0.6245 0
bi_rrt_star 523 220.426 10000 10000 10000 0.6245 0.6245 0
bi_rrt_star 524 220.909 10000 10000 10000 0.6245 0.6245 0
bi_rrt_star 525 221.381 10000 10000 10000 0.6245 0.6245 0
bi_rrt_star 526 221.875 10000 10000 10000 0.6245 0.6245 0
bi_rrt_star 527 222.364 10000 10000 10000 0.6245 0.6245 0
bi_rrt_star 528 222.846 10000 10000 10000 0.6245 0.6245 0
bi_rrt_star 529 223.342 10000 10000 10000 0.6245 0.6245 0
bi_rrt_star 530 223.819 10000 10000 10000 0.6245 0.6245 0
bi_rrt_star 531 224.292 10000 10000 10000 0.6245 0.6245 0
bi_rrt_star 532 224.765 10000 10000 10000 0.6245 0.6245 0
bi_rrt_star 533 225.013 10000 10000 10000 0.6245 0.6245 0
bi_rrt_star 534 225.496 10000 10000 10000 0.6245 0.6245 0
bi_rrt_star 535 225.979 10000 10000 10000 0.6245 0.6245 0
bi_rrt_star 536 226.455 10000 10000 10000 0.6245 0.6245 0
bi_rrt_star 537 226.95 10000 10000 10000 0.6245 0.6245 0
bi_rrt_star 538 227.438 10000 10000 10000 0.6245 0.6245 0
bi_rrt_star 539 227.681 10000 10000 10000 0.6245 0.6245 0
bi_rrt_star 540 227.93 10000 10000 10000 0.6245 0.6245 0
bi_rrt_star 541 228.417 10000 10000 10000 0.6245 0.6245 0
bi_rrt_star 542 228.664 10000 10000 10000 0.6245 0.6245 0
bi_rrt_star 543 228.921 10000 10000 10000 0.6245 0.6245 0
bi_rrt_star 544 229.387 10000 10000 10000 0.6245 0.6245 0
bi_rrt_star 545 229.635 10000 10000 10000 0.6245 0.6245 0
bi_rrt_star 546 230.104 10000 10000 10000 0.6245 0.6245 0
bi_rrt_star 547 230.58 10000 10000 10000 0.6245 0.6245 0
bi_rrt_star 548 230.831 10000 10000 10000 0.6245 0.6245 0
bi_rrt_star 549 231.08 10000 10000 10000 0.6245 0.6245 0
bi_rrt_star 550 231.348 10000 10000 10000 0.6245 0.6245 0
bi_rrt_star 551 231.603 10000 10000 10000 0.6245 0.6245 0
bi_rrt_star 552 232.092 10000 10000 10000 0.6245 0.6245 0
bi_rrt_star 553 232.589 10000 10000 10000 0.6245 0.6245 0
bi_rrt_star 554 232.847 10000 10000 10000 0.6245 0.6245 0
bi_rrt_star 555 233.324 10000 10000 10000 0.6245 0.6245 0
bi_rrt_star 556 233.808 10000 10000 10000 0.6245 0.6245 0
bi_rrt_star 557 234.071 10000 10000 10000 0.6245 0.6245 0
bi_rrt_star 558 234.579 10000 10000 10000 0.6245 0.6245 0
bi_rrt_star 559 234.83 10000 10000 10000 0.6245 0.6245 0
bi_rrt_star 560 235.087 10000 10000 10000 0.6245 0.6245 0
bi_rrt_star 561 235.57 10000 10000 10000 0.6245 0.6245 0
bi_rrt_star 562 235.815 10000 10000 10000 0.6245 0.6245 0
bi_rrt_star 563 236.3 10000 10000 10000 0.6245 0.6245 0
bi_rrt_star 564 236.772 10000 10000 10000 0.6245 0.6245 0
bi_rrt_star 565 237.262 10000 10000 10000 0.6245 0.6245 0
bi_rrt_star 566 237.749 10000 10000 10000 0.6245 0.6245 0
bi_rrt_star 567 238.241 10000 10000 10000 0.6245 0.6245 0
bi_rrt_star 568 238.729 10000 10000 10000 0.6245 0.6245 0
bi_rrt_star 569 239.221 10000 10000 10000 0.6245 0.6245 0
bi_rrt_star 570 239.723 10000 10000 10000 0.6245 0.6245 0
bi_rrt_star 571 240.203 10000 10000 10000 0.6245 0.6245 0
bi_rrt_star 572 240.693 10000 10000 10000 0.6245 0.6245 0
bi_rrt_star 573 240.941 10000 10000 10000 0.6245 0.6245 0
bi_rrt_star 574 241.45 10000 10000 10000 0.6245 0.6245 0
bi_rrt_star 575 241.953 10000 10000 10000 0.6245 0.6245 0
bi_rrt_star 576 242.442 10000 10000 10000 0.6245 0.6245 0
bi_rrt_star 577 242.927 10000 10000 10000 0.6245 0.6245 0
bi_rrt_star 578 243.412 10000 10000 10000 0.6245 0.6245 0
bi_rrt_star 579 243.665 10000 10000 10000 0.6245 0.6245 0
bi_rrt_star 580 243.912 10000 10000 10000 0.6245 0.6245 0
bi_rrt_star 581 244.408 10000 10000 10000 0.6245 0.6245 0
bi_rrt_star 582 244.889 10000 10000 10000 0.6245 0.6245 0
bi_rrt_star 583 245.38 10000 10000 10000 0.6245 0.6245 0
bi_rrt_star 584 245.874 10000 10000 10000 0.6245 0.6245 0
bi_rrt_star 585 246.129 10000 10000 10000 0.6245 0.6245 0
bi_rrt_star 586 246.619 10000 10000 10000 0.6245 0.6245 0
bi_rrt_star 587 246.867 10000 10000 10000 0.6245 0.6245 0
bi_rrt_star 588 247.109 10000 10000 10000 0.6245 0.6245 0
bi_rrt_star 589 247.591 10000 10000 10000 0.6245 0.6245 0
bi_rrt_star 590 248.078 10000 10000 10000 0.6245 0.6245 0
bi_rrt_star 591 248.565 10000 10000 10000 0.6245 0.6245 0
bi_rrt_star 592 249.07 10000 10000 10000 0.6245 0.6245 0
bi_rrt_star 593 249.312 10000 10000 10000 0.6245 0.6245 0
bi_rrt_star 594 249.796 10000 10000 10000 0.6245 0.6245 0
bi_rrt_star 595 250.279 10000 10000 10000 0.6245 0.6245 0
bi_rrt_star 596 250.528 10000 10000 10000 0.6245 0.6245 0
bi_rrt_star 597 251.017 10000 10000 10000 0.6245 0.6245 0
bi_rrt_star 598 251.267 10000 10000 10000 0.6245 0.6245 0
bi_rrt_star 599 251.513 10000 10000 10000 0.6245 0.6245 0
bi_rrt_star 600 251.992 10000 10000 10000 0.6245 0.6245 0
bi_rrt_star 601 252.482 10000 10000 10000 0.6245 0.6245 0
bi_rrt_star 602 252.974 10000 10000 10000 0.6245 0.6245 0
bi_rrt_star 603 253.218 10000 10000 10000 0.6245 0.6245 0
bi_rrt_star 604 253.685 10000 10000 10000 0.6245 0.6245 0
bi_rrt_star 605 254.157 10000 10000 10000 0.6245 0.6245 0
bi_rrt_star 606 254.633 10000 10000 10000 0.6245 0.6245 0
bi_rrt_star 607 254.886 10000 10000 10000 0.6245 0.6245 0
bi_rrt_star 608 255.373 10000 10000 10000 0.6245 0.6245 0
bi_rrt_star 609 255.626 10000 10000 10000 0.6245 0.6245 0
bi_rrt_star 610 255.871 10000 10000 10000 0.6245 0.6245 0
bi_rrt_star 611 256.355 10000 10000 10000 0.6245 0.6245 0
bi_rrt_star 612 256.606 10000 10000 10000 0.6245 0.6245 0
bi_rrt_star 613 256.849 10000 10000 10000 0.6245 0.6245 0
bi_rrt_star 614 257.327 10000 10000 10000 0.6245 0.6245 0
bi_rrt_star 615 257.813 10000 10000 10000 0.6245 0.6245 0
bi_rrt_star 616 258.295 10000 10000 10000 0.6245 0.6245 0
bi_rrt_star 617 258.788 10000 10000 10000 0.6245 0.6245 0
bi_rrt_star 618 259.045 10000 10000 10000 0.6245 0.6245 0
bi_rrt_star 619 259.522 10000 10000 10000 0.6245 0.6245 0
bi_rrt_star 620 260.004 10000 10000 10000 0.6245 0.6245 0
bi_rrt_star 621 260.265 10000 10000 10000 0.6245 0.6245 0
bi_rrt_star 622 260.754 10000 10000 10000 0.6245 0.6245 0
bi_rrt_star 623 261.258 10000 10000 10000 0.6245 0.6245 0
bi_rrt_star 624 261.747 10000 10000 10000 0.6245 0.6245 0
bi_rrt_star 625 262.236 10000 10000 10000 0.6245 0.6245 0
bi_rrt_star 626 262.729 10000 10000 10000 0.6245 0.6245 0
bi_rrt_star 627 263.233 10000 10000 10000 0.6245 0.6245 0
bi_rrt_star 628 263.715 10000 10000 10000 0.6245 0.6245 0
bi_rrt_star 629 263.965 10000 10000 10000 0.6245 0.6245 0
bi_rrt_star 630 264.209 10000 10000 10000 0.6245 0.6245 0
bi_rrt_star 631 264.454 10000 10000 10000 0.6245 0.6245 0
bi_rrt_star 632 264.942 10000 10000 10000 0.6245 0.6245 0
bi_rrt_star 633 265.2 10000 10000 10000 0.6245 0.6245 0
bi_rrt_star 634 265.697 10000 10000 10000 0.6245 0.6245 0
bi_rrt_star 635 266.187 10000 10000 10000 0.6245 0.6245 0
bi_rrt_star 636 266.434 10000 10000 10000 0.6245 0.6245 0
bi_rrt_star 637 266.919 10000 10000 10000 0.6245 0.6245 0
bi_rrt_star 638 267.403 10000 10000 10000 0.6245 0.6245 0
bi_rrt_star 639 267.65 10000 10000 10000 0.6245 0.6245 0
bi_rrt_star 640 268.135 10000 10000 10000 0.6245 0.6245 0
bi_rrt_star 641 268.379 10000 10000 10000 0.6245 0.6245 0
bi_rrt_star 642 268.626 10000 10000 10000 0.6245 0.6245 0
bi_rrt_star 643 269.101 10000 10000 10000 0.6245 0.6245 0
bi_rrt_star 644 269.577 10000 10000 10000 0.6245 0.6245 0
bi_rrt_star 645 270.06 10000 10000 10000 0.6245 0.6245 0
bi_rrt_star 646 270.535 10000 10000 10000 0.6245 0.6245 0
bi_rrt_star 647 271.005 10000 10000 10000 0.6245 0.6245 0
bi_rrt_star 648 271.471 10000 10000 10000 0.6245 0.6245 0
bi_rrt_star 649 271.949 10000 10000 10000 0.6245 0.6245 0
bi_rrt_star 650 272.412 10000 10000 10000 0.6245 0.6245 0
bi_rrt_star 651 272.884 10000 10000 10000 0.6245 0.6245 0
bi_rrt_star 652 273.121 10000 10000 10000 0.6245 0.6245 0
bi_rrt_star 653 273.359 10000 10000 10000 0.6245 0.6245 0
bi_rrt_star 654 273.819 10000 10000 10000 0.6245 0.6245 0
bi_rrt_star 655 274.052 10000 10000 10000 0.6245 0.6245 0
bi_rrt_star 656 274.51 10000 10000 10000 0.6245 0.6245 0
bi_rrt_star 657 274.98 10000 10000 10000 0.6245 0.6245 0
bi_rrt_star 658 275.463 10000 10000 10000 0.6245 0.6245 0
bi_rrt_star 659 275.712 10000 10000 10000 0.6245 0.6245 0
bi_rrt_star 660 276.212 10000 10000 10000 0.6245 0.6245 0
bi_rrt_star 661 276.702 10000 10000 10000 0.6245 0.6245 0
bi_rrt_star 662 277.178 10000 10000 10000 0.6245 0.6245 0
bi_rrt_star 663 277.425 10000 10000 10000 0.6245 0.6245 0
bi_rrt_star 664 277.672 10000 10000 10000 0.6245 0.6245 0
bi_rrt_star 665 278.156 10000 10000 10000 0.6245 0.6245 0
bi_rrt_star 666 278.402 10000 10000 10000 0.6245 0.6245 0
bi_rrt_star 667 278.885 10000 10000 10000 0.6245 0.6245 0
bi_rrt_star 668 279.389 10000 10000 10000 0.6245 0.6245 0
bi_rrt_star 669 279.653 10000 10000 10000 0.6245 0.6245 0
bi_rrt_star 670 280.152 10000 10000 10000 0.6245 0.6245 0
bi_rrt_star 671 280.652 10000 10000 10000 0.6245 0.6245 0
bi_rrt_star 672 281.128 10000 10000 10000 0.6245 0.6245 0
bi_rrt_star 673 281.602 10000 10000 10000 0.6245 0.6245 0
bi_rrt_star 674 281.844 10000 10000 10000 0.6245 0.6245 0
bi_rrt_star 675 282.342 10000 10000 10000 0.6245 0.6245 0
bi_rrt_star 676 282.59 10000 10000 10000 0.6245 0.6245 0
bi_rrt_star 677 282.832 10000 10000 10000 0.6245 0.6245 0
bi_rrt_star 678 283.083 10000 10000 10000 0.6245 0.6245 0
bi_rrt_star 679 283.336 10000 10000 10000 0.6245 0.6245 0
bi_rrt_star 680 283.821 10000 10000 10000 0.6245 0.6245 0
bi_rrt_star 681 284.302 10000 10000 10000 0.6245 0.6245 0
bi_rrt_star 682 284.787 10000 10000 10000 0.6245 0.6245 0
bi_rrt_star 683 285.281 10000 10000 10000 0.6245 0.6245 0
bi_rrt_star 684 285.762 10000 10000 10000 0.6245 0.6245 0
bi_rrt_star 685 286.012 10000 10000 10000 0.6245 0.6245 0
bi_rrt_star 686 286.261 10000 10000 10000 0.6245 0.6245 0
bi_rrt_star 687 286.508 10000 10000 10000 0.6245 0.6245 0
bi_rrt_star 688 286.981 10000 10000 10000 0.6245 0.6245 0
bi_rrt_star 689 287.229 10000 10000 10000 0.6245 0.6245 0
bi_rrt_star 690 287.719 10000 10000 10000 0.6245 0.6245 0
bi_rrt_star 691 287.966 10000 10000 10000 0.6245 0.6245 0
bi_rrt_star 692 288.437 10000 10000 10000 0.6245 0.6245 0
bi_rrt_star 693 288.686 10000 10000 10000 0.6245 0.6245 0
bi_rrt_star 694 288.934 10000 10000 10000 0.6245 0.6245 0
bi_rrt_star 695 289.197 10000 10000 10000 0.6245 0.6245 0
bi_rrt_star 696 289.687 10000 10000 10000 0.6245 0.6245 0
bi_rrt_star 697 290.185 10000 10000 10000 0.6245 0.6245 0
bi_rrt_star 698 290.669 10000 10000 10000 0.6245 0.6245 0
bi_rrt_star 699 291.16 10000 10000 10000 0.6245 0.6245 0
bi_rrt_star 700 291.637 10000 10000 10000 0.6245 0.6245 0
bi_rrt_star 701 291.884 10000 10000 10000 0.6245 0.6245 0
bi_rrt_star 702 292.361 10000 10000 10000 0.6245 0.6245 0
bi_rrt_star 703 292.833 10000 10000 10000 0.6245 0.6245 0
bi_rrt_star 704 293.313 10000 10000 10000 0.6245 0.6245 0
bi_rrt_star 705 293.559 10000 10000 10000 0.6245 0.6245 0
bi_rrt_star 706 293.8 10000 10000 10000 0.6245 0.6245 0
bi_rrt_star 707 294.275 10000 10000 10000 0.6245 0.6245 0
bi_rrt_star 708 294.759 10000 10000 10000 0.6245 0.6245 0
bi_rrt_star 709 295.238 10000 10000 10000 0.6245 0.6245 0
bi_rrt_star 710 295.714 10000 10000 10000 0.6245 0.6245 0
bi_rrt_star 711 296.191 10000 10000 10000 0.6245 0.6245 0
bi_rrt_star 712 296.434 10000 10000 10000 0.6245 0.6245 0
bi_rrt_star 713 296.918 10000 10000 10000 0.6245 0.6245 0
bi_rrt_star 714 297.166 10000 10000 10000 0.6245 0.6245 0
bi_rrt_star 715 297.421 10000 10000 10000 0.6245 0.6245 0
bi_rrt_star 716 297.67 10000 10000 10000 0.6245 0.6245 0
bi_rrt_star 717 297.916 10000 10000 10000 0.6245 0.6245 0
bi_rrt_star 718 298.391 10000 10000 10000 0.6245 0.6245 0
bi_rrt_star 719 298.882 10000 10000 10000 0.6245 0.6245 0
bi_rrt_star 720 299.363 10000 10000 10000 0.6245 0.6245 0
bi_rrt_star 721 299.85 10000 10000 10000 0.6245 0.6245 0
bi_rrt_star 722 300.339 10000 10000 10000 0.6245 0.6245 0
bi_rrt_star 723 300.814 10000 10000 10000 0.6245 0.6245 0
bi_rrt_star 724 301.3 10000 10000 10000 0.6245 0.6245 0
bi_rrt_star 725 301.557 10000 10000 10000 0.6245 0.6245 0
bi_rrt_star 726 302.04 10000 10000 10000 0.6245 0.6245 0
bi_rrt_star 727 302.295 10000 10000 10000 0.6245 0.6245 0
bi_rrt_star 728 302.781 10000 10000 10000 0.6245 0.6245 0
bi_rrt_star 729 303.035 10000 10000 10000 0.6245 0.6245 0
bi_rrt_star 730 303.516 10000 10000 10000 0.6245 0.6245 0
bi_rrt_star 731 304.025 10000 10000 10000 0.6245 0.6245 0
bi_rrt_star 732 304.273 10000 10000 10000 0.6245 0.6245 0
bi_rrt_star 733 304.749 10000 10000 10000 0.6245 0.6245 0
bi_rrt_star 734 305 10000 10000 10000 0.6245 0.6245 0
bi_rrt_star 735 305.481 10000 10000 10000 0.6245 0.6245 0
bi_rrt_star 736 305.975 10000 10000 10000 0.6245 0.6245 0
bi_rrt_star 737 306.21 10000 10000 10000 0.6245 0.6245 0
bi_rrt_star 738 306.68 10000 10000 10000 0.6245 0.6245 0
bi_rrt_star 739 307.142 10000 10000 10000 0.6245 0.6245 0
bi_rrt_star 740 307.606 10000 10000 10000 0.6245 0.6245 0
bi_rrt_star 741 308.089 10000 10000 10000 0.6245 0.6245 0
bi_rrt_star 742 308.323 10000 10000 10000 0.6245 0.6245 0
bi_rrt_star 743 308.797 10000 10000 10000 0.6245 0.6245 0
bi_rrt_star 744 309.273 10000 10000 10000 0.6245 0.6245 0
bi_rrt_star 745 309.763 10000 10000 10000 0.6245 0.6245 0
bi_rrt_star 746 310.253 10000 10000 10000 0.6245 0.6245 0
bi_rrt_star 747 310.747 10000 10000 10000 0.6245 0.6245 0
bi_rrt_star 748 311.224 10000 10000 10000 0.6245 0.6245 0
bi_rrt_star 749 311.468 10000 10000 10000 0.6245 0.6245 0
bi_rrt_star 750 311.949 10000 10000 10000 0.6245 0.6245 0
bi_rrt_star 751 312.443 10000 10000 10000 0.6245 0.6245 0
bi_rrt_star 752 312.931 10000 10000 10000 0.6245 0.6245 0
bi_rrt_star 753 313.416 10000 10000 10000 0.6245 0.6245 0
bi_rrt_star 754 313.675 10000 10000 10000 0.6245 0.6245 0
bi_rrt_star 755 313.919 10000 10000 10000 0.6245 0.6245 0
bi_rrt_star 756 314.395 10000 10000 10000 0.6245 0.6245 0
bi_rrt_star 757 314.882 10000 10000 10000 0.6245 0.6245 0
bi_rrt_star 758 315.374 10000 10000 10000 0.6245 0.6245 0
bi_rrt_star 759 315.874 10000 10000 10000 0.6245 0.6245 0
bi_rrt_star 760 316.126 10000 10000 10000 0.6245 0.6245 0
bi_rrt_star 761 316.363 10000 10000 10000 0.6245 0.6245 0
bi_rrt_star 762 316.832 10000 10000 10000 0.6245 0.6245 0
bi_rrt_star 763 317.073 10000 10000 10000 0.6245 0.6245 0
bi_rrt_star 764 317.56 10000 10000 10000 0.6245 0.6245 0
bi_rrt_star 765 317.811 10000 10000 10000 0.6245 0.6245 0
bi_rrt_star 766 318.298 10000 10000 10000 0.6245 0.6245 0
bi_rrt_star 767 318.781 10000 10000 10000 0.6245 0.6245 0
bi_rrt_star 768 319.259 10000 10000 10000 0.6245 0.6245 0
bi_rrt_star 769 319.755 10000 10000 10000 0.6245 0.6245 0
bi_rrt_star 770 320.259 10000 10000 10000 0.6245 0.6245 0
bi_rrt_star 771 320.739 10000 10000 10000 0.6245 0.6245 0
bi_rrt_star 772 321.225 10000 10000 10000 0.6245 0.6245 0
bi_rrt_star 773 321.703 10000 10000 10000 0.6245 0.6245 0
bi_rrt_star 774 322.181 10000 10000 10000 0.6245 0.6245 0
bi_rrt_star 775 322.422 10000 10000 10000 0.6245 0.6245 0
bi_rrt_star 776 322.662 10000 10000 10000 0.6245 0.6245 0
bi_rrt_star 777 322.9 10000 10000 10000 0.6245 0.6245 0
bi_rrt_star 778 323.374 10000 10000 10000 0.6245 0.6245 0
bi_rrt_star 779 323.846 10000 10000 10000 0.6245 0.6245 0
bi_rrt_star 780 324.318 10000 10000 10000 0.6245 0.6245 0
bi_rrt_star 781 324.558 10000 10000 10000 0.6245 0.6245 0
bi_rrt_star 782 325.032 10000 10000 10000 0.6245 0.6245 0
bi_rrt_star 783 325.285 10000 10000 10000 0.6245 0.6245 0
bi_rrt_star 784 325.544 10000 10000 10000 0.6245 0.6245 0
bi_rrt_star 785 326.026 10000 10000 10000 0.6245 0.6245 0
bi_rrt_star 786 326.496 10000 10000 10000 0.6245 0.6245 0
bi_rrt_star 787 326.969 10000 10000 10000 0.6245 0.6245 0
bi_rrt_star 788 327.214 10000 10000 10000 0.6245 0.6245 0
bi_rrt_star 789 327.691 10000 10000 10000 0.6245 0.6245 0
bi_rrt_star 790 328.162 10000 10000 10000 0.6245 0.6245 0
bi_rrt_star 791 328.63 10000 10000 10000 0.6245 0.6245 0
bi_rrt_star 792 329.094 10000 10000 10000 0.6245 0.6245 0
bi_rrt_star 793 329.564 10000 10000 10000 0.6245 0.6245 0
bi_rrt_star 794 330.035 10000 10000 10000 0.6245 0.6245 0
bi_rrt_star 795 330.278 10000 10000 10000 0.6245 0.6245 0
bi_rrt_star 796 330.753 10000 10000 10000 0.6245 0.6245 0
bi_rrt_star 797 331.22 10000 10000 10000 0.6245 0.6245 0
bi_rrt_star 798 331.693 10000 10000 10000 0.6245 0.6245 0
bi_rrt_star 799 332.175 10000 10000 10000 0.6245 0.6245 0
bi_rrt_star 800 332.637 10000 10000 10000 0.6245 0.6245 0
bi_rrt_star 801 333.104 10000 10000 10000 0.6245 0.6245 0
bi_rrt_star 802 333.587 10000 10000 10000 0.6245 0.6245 0
bi_rrt_star 803 334.077 10000 10000 10000 0.6245 0.6245 0
bi_rrt_star 804 334.567 10000 10000 10000 0.6245 0.6245 0
bi_rrt_star 805 334.824 10000 10000 10000 0.6245 0.6245 0
bi_rrt_star 806 335.087 10000 10000 10000 0.6245 0.6245 0
bi_rrt_star 807 335.589 10000 10000 10000 0.6245 0.6245 0
bi_rrt_star 808 335.844 10000 10000 10000 0.6245 0.6245 0
bi_rrt_star 809 336.327 10000 10000 10000 0.6245 0.6245 0
bi_rrt_star 810 336.819 10000 10000 10000 0.6245 0.6245 0
bi_rrt_star 811 337.079 10000 10000 10000 0.6245 0.6245 0
bi_rrt_star 812 337.581 10000 10000 10000 0.6245 0.6245 0
bi_rrt_star 813 338.063 10000 10000 10000 0.6245 0.6245 0
bi_rrt_star 814 338.547 10000 10000 10000 0.6245 0.6245 0
bi_rrt_star 815 339.044 10000 10000 10000 0.6245 0.6245 0
bi_rrt_star 816 339.558 10000 10000 10000 0.6245 0.6245 0
bi_rrt_star 817 340.047 10000 10000 10000 0.6245 0.6245 0
bi_rrt_star 818 340.543 10000 10000 10000 0.6245 0.6245 0
bi_rrt_star 819 341.04 10000 10000 10000 0.6245 0.6245 0
bi_rrt_star 820 341.54 10000 10000 10000 0.6245 0.6245 0
bi_rrt_star 821 341.785 10000 10000 10000 0.6245 0.6245 0
bi_rrt_star 822 342.27 10000 10000 10000 0.6245 0.6245 0
bi_rrt_star 823 342.76 10000 10000 10000 0.6245 0.6245 0
bi_rrt_star 824 343.254 10000 10000 10000 0.6245 0.6245 0
bi_rrt_star 825 343.504 10000 10000 10000 0.6245 0.6245 0
bi_rrt_star 826 343.755 10000 10000 10000 0.6245 0.6245 0
bi_rrt_star 827 344.232 10000 10000 10000 0.6245 0.6245 0
bi_rrt_star 828 344.712 10000 10000 10000 0.6245 0.6245 0
bi_rrt_star 829 345.204 10000 10000 10000 0.6245 0.6245 0
bi_rrt_star 830 345.456 10000 10000 10000 0.6245 0.6245 0
bi_rrt_star 831 345.709 10000 10000 10000 0.6245 0.6245 0
bi_rrt_star 832 346.189 10000 10000 10000 0.6245 0.6245 0
bi_rrt_star 833 346.436 10000 10000 10000 0.6245 0.6245 0
bi_rrt_star 834 346.915 10000 10000 10000 0.6245 0.6245 0
bi_rrt_star 835 347.161 10000 10000 10000 0.6245 0.6245 0
bi_rrt_star 836 347.416 10000 10000 10000 0.6245 0.6245 0
bi_rrt_star 837 347.89 10000 10000 10000 0.6245 0.6245 0
bi_rrt_star 838 348.144 10000 10000 10000 0.6245 0.6245 0
bi_rrt_star 839 348.644 10000 10000 10000 0.6245 0.6245 0
bi_rrt_star 840 349.13 10000 10000 10000 0.6245 0.6245 0
bi_rrt_star 841 349.377 10000 10000 10000 0.6245 0.6245 0
bi_rrt_star 842 349.624 10000 10000 10000 0.6245 0.6245 0
bi_rrt_star 843 350.104 10000 10000 10000 0.6245 0.6245 0
bi_rrt_star 844 350.588 10000 10000 10000 0.6245 0.6245 0
bi_rrt_star 845 351.057 10000 10000 10000 0.6245 0.6245 0
bi_rrt_star 846 351.55 10000 10000 10000 0.6245 0.6245 0
bi_rrt_star 847 352.022 10000 10000 10000 0.6245 0.6245 0
bi_rrt_star 848 352.5 10000 10000 10000 0.6245 0.6245 0
bi_rrt_star 849 352.979 10000 10000 10000 0.6245 0.6245 0
bi_rrt_star 850 353.458 10000 10000 10000 0.6245 0.6245 0
bi_rrt_star 851 353.961 10000 10000 10000 0.6245 0.6245 0
bi_rrt_star 852 354.206 10000 10000 10000 0.6245 0.6245 0
bi_rrt_star 853 354.454 10000 10000 10000 0.6245 0.6245 0
bi_rrt_star 854 354.947 10000 10000 10000 0.6245 0.6245 0
bi_rrt_star 855 355.428 10000 10000 10000 0.6245 0.6245 0
bi_rrt_star 856 355.903 10000 10000 10000 0.6245 0.6245 0
bi_rrt_star 857 356.38 10000 10000 10000 0.6245 0.6245 0
bi_rrt_star 858 356.623 10000 10000 10000 0.6245 0.6245 0
bi_rrt_star 859 357.118 10000 10000 10000 0.6245 0.6245 0
bi_rrt_star 860 357.596 10000 10000 10000 0.6245 0.6245 0
bi_rrt_star 861 358.081 10000 10000 10000 0.6245 0.6245 0
bi_rrt_star 862 358.555 10000 10000 10000 0.6245 0.6245 0
bi_rrt_star 863 359.034 10000 10000 10000 0.6245 0.6245 0
bi_rrt_star 864 359.519 10000 10000 10000 0.6245 0.6245 0
bi_rrt_star 865 360.005 10000 10000 10000 0.6245 0.6245 0
bi_rrt_star 866 360.483 10000 10000 10000 0.6245 0.6245 0
bi_rrt_star 867 360.735 10000 10000 10000 0.6245 0.6245 0
bi_rrt_star 868 361.234 10000 10000 10000 0.6245 0.6245 0
bi_rrt_star 869 361.724 10000 10000 10000 0.6245 0.6245 0
bi_rrt_star 870 362.215 10000 10000 10000 0.6245 0.6245 0
bi_rrt_star 871 362.463 10000 10000 10000 0.6245 0.6245 0
bi_rrt_star 872 362.951 10000 10000 10000 0.6245 0.6245 0
bi_rrt_star 873 363.45 10000 10000 10000 0.6245 0.6245 0
bi_rrt_star 874 363.92 10000 10000 10000 0.6245 0.6245 0
bi_rrt_star 875 364.392 10000 10000 10000 0.6245 0.6245 0
bi_rrt_star 876 364.862 10000 10000 10000 0.6245 0.6245 0
bi_rrt_star 877 365.112 10000 10000 10000 0.6245 0.6245 0
bi_rrt_star 878 365.595 10000 10000 10000 0.6245 0.6245 0
bi_rrt_star 879 366.092 10000 10000 10000 0.6245 0.6245 0
bi_rrt_star 880 366.596 10000 10000 10000 0.6245 0.6245 0
bi_rrt_star 881 367.077 10000 10000 10000 0.6245 0.6245 0
bi_rrt_star 882 367.564 10000 10000 10000 0.6245 0.6245 0
bi_rrt_star 883 368.044 10000 10000 10000 0.6245 0.6245 0
bi_rrt_star 884 368.526 10000 10000 10000 0.6245 0.6245 0
bi_rrt_star 885 369.015 10000 10000 10000 0.6245 0.6245 0
bi_rrt_star 886 369.508 10000 10000 10000 0.6245 0.6245 0
bi_rrt_star 887 369.755 10000 10000 10000 0.6245 0.6245 0
bi_rrt_star 888 370.243 10000 10000 10000 0.6245 0.6245 0
bi_rrt_star 889 370.727 10000 10000 10000 0.6245 0.6245 0
bi_rrt_star 890 371.213 10000 10000 10000 0.6245 0.6245 0
bi_rrt_star 891 371.468 10000 10000 10000 0.6245 0.6245 0
bi_rrt_star 892 371.946 10000 10000 10000 0.6245 0.6245 0
bi_rrt_star 893 372.414 10000 10000 10000 0.6245 0.6245 0
bi_rrt_star 894 372.895 10000 10000 10000 0.6245 0.6245 0
bi_rrt_star 895 373.133 10000 10000 10000 0.6245 0.6245 0
bi_rrt_star 896 373.597 10000 10000 10000 0.6245 0.6245 0
bi_rrt_star 897 373.834 10000 10000 10000 0.6245 0.6245 0
bi_rrt_star 898 374.313 10000 10000 10000 0.6245 0.6245 0
bi_rrt_star 899 374.772 10000 10000 10000 0.6245 0.6245 0
bi_rrt_star 900 375.252 10000 10000 10000 0.6245 0.6245 0
bi_rrt_star 901 375.511 10000 10000 10000 0.6245 0.6245 0
bi_rrt_star 902 375.995 10000 10000 10000 0.6245 0.6245 0
bi_rrt_star 903 376.479 10000 10000 10000 0.6245 0.6245 0
bi_rrt_star 904 376.97 10000 10000 10000 0.6245 0.6245 0
bi_rrt_star 905 377.222 10000 10000 10000 0.6245 0.6245 0
bi_rrt_star 906 377.707 10000 10000 10000 0.6245 0.6245 0
bi_rrt_star 907 377.977 10000 10000 10000 0.6245 0.6245 0
bi_rrt_star 908 378.217 10000 10000 10000 0.6245 0.6245 0
bi_rrt_star 909 378.704 10000 10000 10000 0.6245 0.6245 0
bi_rrt_star 910 379.196 10000 10000 10000 0.6245 0.6245 0
bi_rrt_star 911 379.443 10000 10000 10000 0.6245 0.6245 0
bi_rrt_star 912 379.694 10000 10000 10000 0.6245 0.6245 0
bi_rrt_star 913 379.933 10000 10000 10000 0.6245 0.6245 0
bi_rrt_star 914 380.409 10000 10000 10000 0.6245 0.6245 0
bi_rrt_star 915 380.872 10000 10000 10000 0.6245 0.6245 0
bi_rrt_star 916 381.361 10000 10000 10000 0.6245 0.6245 0
bi_rrt_star 917 381.617 10000 10000 10000 0.6245 0.6245 0
bi_rrt_star 918 382.09 10000 10000 10000 0.6245 0.6245 0
bi_rrt_star 919 382.575 10000 10000 10000 0.6245 0.6245 0
bi_rrt_star 920 383.079 10000 10000 10000 0.6245 0.6245 0
bi_rrt_star 921 383.571 10000 10000 10000 0.6245 0.6245 0
bi_rrt_star 922 383.822 10000 10000 10000 0.6245 0.6245 0
bi_rrt_star 923 384.3 10000 10000 10000 0.6245 0.6245 0
bi_rrt_star 924 384.788 10000 10000 10000 0.6245 0.6245 0
bi_rrt_star 925 385.277 10000 10000 10000 0.6245 0.6245 0
bi_rrt_star 926 385.776 10000 10000 10000 0.6245 0.6245 0
bi_rrt_star 927 386.027 10000 10000 10000 0.6245 0.6245 0
bi_rrt_star 928 386.277 10000 10000 10000 0.6245 0.6245 0
bi_rrt_star 929 386.759 10000 10000 10000 0.6245 0.6245 0
bi_rrt_star 930 387.229 10000 10000 10000 0.6245 0.6245 0
bi_rrt_star 931 387.469 10000 10000 10000 0.6245 0.6245 0
bi_rrt_star 932 387.944 10000 10000 10000 0.6245 0.6245 0
bi_rrt_star 933 388.417 10000 10000 10000 0.6245 0.6245 0
bi_rrt_star 934 388.654 10000 10000 10000 0.6245 0.6245 0
bi_rrt_star 935 389.129 10000 10000 10000 0.6245 0.6245 0
bi_rrt_star 936 389.602 10000 10000 10000 0.6245 0.6245 0
bi_rrt_star 937 390.092 10000 10000 10000 0.6245 0.6245 0
bi_rrt_star 938 390.336 10000 10000 10000 0.6245 0.6245 0
bi_rrt_star 939 390.819 10000 10000 10000 0.6245 0.6245 0
bi_rrt_star 940 391.313 10000 10000 10000 0.6245 0.6245 0
bi_rrt_star 941 391.793 10000 10000 10000 0.6245 0.6245 0
bi_rrt_star 942 392.286 10000 10000 10000 0.6245 0.6245 0
bi_rrt_star 943 392.77 10000 10000 10000 0.6245 0.6245 0
bi_rrt_star 944 393.254 10000 10000 10000 0.6245 0.6245 0
bi_rrt_star 945 393.742 10000 10000 10000 0.6245 0.6245 0
bi_rrt_star 946 394.21 10000 10000 10000 0.6245 0.6245 0
bi_rrt_star 947 394.457 10000 10000 10000 0.6245 0.6245 0
bi_rrt_star 948 394.934 10000 10000 10000 0.6245 0.6245 0
bi_rrt_star 949 395.409 10000 10000 10000 0.6245 0.6245 0
bi_rrt_star 950 395.884 10000 10000 10000 0.6245 0.6245 0
bi_rrt_star 951 396.379 10000 10000 10000 0.6245 0.6245 0
bi_rrt_star 952 396.863 10000 10000 10000 0.6245 0.6245 0
bi_rrt_star 953 397.351 10000 10000 10000 0.6245 0.6245 0
bi_rrt_star 954 397.835 10000 10000 10000 0.6245 0.6245 0
bi_rrt_star 955 398.082 10000 10000 10000 0.6245 0.6245 0
bi_rrt_star 956 398.562 10000 10000 10000 0.6245 0.6245 0
bi_rrt_star 957 399.062 10000 10000 10000 0.6245 0.6245 0
bi_rrt_star 958 399.559 10000 10000 10000 0.6245 0.6245 0
bi_rrt_star 959 400.055 10000 10000 10000 0.6245 0.6245 0
bi_rrt_star 960 400.316 10000 10000 10000 0.6245 0.6245 0
bi_rrt_star 961 400.81 10000 10000 10000 0.6245 0.6245 0
bi_rrt_star 962 401.293 10000 10000 10000 0.6245 0.6245 0
bi_rrt_star 963 401.771 10000 10000 10000 0.6245 0.6245 0
bi_rrt_star 964 402.013 10000 10000 10000 0.6245 0.6245 0
bi_rrt_star 965 402.491 10000 10000 10000 0.6245 0.6245 0
bi_rrt_star 966 402.983 10000 10000 10000 0.6245 0.6245 0
bi_rrt_star 967 403.47 10000 10000 10000 0.6245 0.6245 0
bi_rrt_star 968 403.959 10000 10000 10000 0.6245 0.6245 0
bi_rrt_star 969 404.211 10000 10000 10000 0.6245 0.6245 0
bi_rrt_star 970 404.694 10000 10000 10000 0.6245 0.6245 0
bi_rrt_star 971 405.177 10000 10000 10000 0.6245 0.6245 0
bi_rrt_star 972 405.665 10000 10000 10000 0.6245 0.6245 0
bi_rrt_star 973 405.906 10000 10000 10000 0.6245 0.6245 0
bi_rrt_star 974 406.152 10000 10000 10000 0.6245 0.6245 0
bi_rrt_star 975 406.633 10000 10000 10000 0.6245 0.6245 0
bi_rrt_star 976 407.112 10000 10000 10000 0.6245 0.6245 0
bi_rrt_star 977 407.608 10000 10000 10000 0.6245 0.6245 0
bi_rrt_star 978 408.104 10000 10000 10000 0.6245 0.6245 0
bi_rrt_star 979 408.594 10000 10000 10000 0.6245 0.6245 0
bi_rrt_star 980 408.844 10000 10000 10000 0.6245 0.6245 0
bi_rrt_star 981 409.09 10000 10000 10000 0.6245 0.6245 0
bi_rrt_star 982 409.572 10000 10000 10000 0.6245 0.6245 0
bi_rrt_star 983 410.057 10000 10000 10000 0.6245 0.6245 0
bi_rrt_star 984 410.551 10000 10000 10000 0.6245 0.6245 0
bi_rrt_star 985 410.802 10000 10000 10000 0.6245 0.6245 0
bi_rrt_star 986 411.295 10000 10000 10000 0.6245 0.6245 0
bi_rrt_star 987 411.773 10000 10000 10000 0.6245 0.6245 0
bi_rrt_star 988 412.256 10000 10000 10000 0.6245 0.6245 0
bi_rrt_star 989 412.76 10000 10000 10000 0.6245 0.6245 0
bi_rrt_star 990 413.233 10000 10000 10000 0.6245 0.6245 0
bi_rrt_star 991 413.728 10000 10000 10000 0.6245 0.6245 0
bi_rrt_star 992 414.217 10000 10000 10000 0.6245 0.6245 0
bi_rrt_star 993 414.695 10000 10000 10000 0.6245 0.6245 0
bi_rrt_star 994 415.18 10000 10000 10000 0.6245 0.6245 0
bi_rrt_star 995 415.668 10000 10000 10000 0.6245 0.6245 0
bi_rrt_star 996 416.148 10000 10000 10000 0.6245 0.6245 0
bi_rrt_star 997 416.645 10000 10000 10000 0.6245 0.6245 0
bi_rrt_star 998 417.125 10000 10000 10000 0.6245 0.6245 0
bi_rrt_star 999 417.373 10000 10000 10000 0.6245 0.6245 0
bi_rrt_star 1000 417.872 10000 10000 10000 0.6245 0.6245 0
