planner_name iteration planning_time_elapsed cost_solution_total cost_solution_revolute cost_solution_prismatic theoretical_cost_total theoretical_cost_revolute theoretical_cost_prismatic
bi_rrt_star 1 1.15015 10000 10000 10000 0.6245 0.6245 0
bi_rrt_star 2 1.75021 10000 10000 10000 0.6245 0.6245 0
bi_rrt_star 3 2.36269 10000 10000 10000 0.6245 0.6245 0
bi_rrt_star 4 2.9828 8.4293 8.39702 0.462269 0.6245 0.6245 0
bi_rrt_star 5 3.65843 8.4293 8.39702 0.462269 0.6245 0.6245 0
bi_rrt_star 6 3.70511 8.4293 8.39702 0.462269 0.6245 0.6245 0
bi_rrt_star 7 4.33855 8.4293 8.39702 0.462269 0.6245 0.6245 0
bi_rrt_star 8 4.9323 8.4293 8.39702 0.462269 0.6245 0.6245 0
bi_rrt_star 9 5.5599 8.4293 8.39702 0.462269 0.6245 0.6245 0
bi_rrt_star 10 6.15522 8.4293 8.39702 0.462269 0.6245 0.6245 0
bi_rrt_star 11 6.21919 8.4293 8.39702 0.462269 0.6245 0.6245 0
bi_rrt_star 12 6.83867 8.4293 8.39702 0.462269 0.6245 0.6245 0
bi_rrt_star 13 6.89256 8.4293 8.39702 0.462269 0.6245 0.6245 0
bi_rrt_star 14 7.48136 8.4293 8.39702 0.462269 0.6245 0.6245 0
bi_rrt_star 15 8.05754 8.4293 8.39702 0.462269 0.6245 0.6245 0
bi_rrt_star 16 8.57695 8.4293 8.39702 0.462269 0.6245 0.6245 0
bi_rrt_star 17 8.98692 8.4293 8.39702 0.462269 0.6245 0.6245 0
bi_rrt_star 18 9.02331 8.4293 8.39702 0.462269 0.6245 0.6245 0
bi_rrt_star 19 9.37793 8.4293 8.39702 0.462269 0.6245 0.6245 0
bi_rrt_star 20 9.77746 8.4293 8.39702 0.462269 0.6245 0.6245 0
bi_rrt_star 21 10.1978 8.4293 8.39702 0.462269 0.6245 0.6245 0
bi_rrt_star 22 10.5475 8.4293 8.39702 0.462269 0.6245 0.6245 0
bi_rrt_star 23 10.9517 8.4293 8.39702 0.462269 0.6245 0.6245 0
bi_rrt_star 24 11.3019 8.4293 8.39702 0.462269 0.6245 0.6245 0
bi_rrt_star 25 11.7663 8.4293 8.39702 0.462269 0.6245 0.6245 0
bi_rrt_star 26 12.4701 8.4293 8.39702 0.462269 0.6245 0.6245 0
bi_rrt_star 27 12.8618 8.4293 8.39702 0.462269 0.6245 0.6245 0
bi_rrt_star 28 12.9077 8.4293 8.39702 0.462269 0.6245 0.6245 0
bi_rrt_star 29 13.0025 8.4293 8.39702 0.462269 0.6245 0.6245 0
bi_rrt_star 30 13.7538 8.4293 8.39702 0.462269 0.6245 0.6245 0
bi_rrt_star 31 14.0981 8.4293 8.39702 0.462269 0.6245 0.6245 0
bi_rrt_star 32 14.4748 8.4293 8.39702 0.462269 0.6245 0.6245 0
bi_rrt_star 33 14.532 8.4293 8.39702 0.462269 0.6245 0.6245 0
bi_rrt_star 34 14.9226 8.4293 8.39702 0.462269 0.6245 0.6245 0
bi_rrt_star 35 15.365 8.4293 8.39702 0.462269 0.6245 0.6245 0
bi_rrt_star 36 16.0787 8.4293 8.39702 0.462269 0.6245 0.6245 0
bi_rrt_star 37 16.4659 8.4293 8.39702 0.462269 0.6245 0.6245 0
bi_rrt_star 38 16.8709 8.4293 8.39702 0.462269 0.6245 0.6245 0
bi_rrt_star 39 17.004 8.4293 8.39702 0.462269 0.6245 0.6245 0
bi_rrt_star 40 17.3523 8.4293 8.39702 0.462269 0.6245 0.6245 0
bi_rrt_star 41 17.4473 8.4293 8.39702 0.462269 0.6245 0.6245 0
bi_rrt_star 42 17.8785 8.4293 8.39702 0.462269 0.6245 0.6245 0
bi_rrt_star 43 18.3178 8.4293 8.39702 0.462269 0.6245 0.6245 0
bi_rrt_star 44 18.7948 8.4293 8.39702 0.462269 0.6245 0.6245 0
bi_rrt_star 45 19.5143 8.4293 8.39702 0.462269 0.6245 0.6245 0
bi_rrt_star 46 19.9336 8.4293 8.39702 0.462269 0.6245 0.6245 0
bi_rrt_star 47 20.342 8.4293 8.39702 0.462269 0.6245 0.6245 0
bi_rrt_star 48 20.4412 8.4293 8.39702 0.462269 0.6245 0.6245 0
bi_rrt_star 49 20.475 8.4293 8.39702 0.462269 0.6245 0.6245 0
bi_rrt_star 50 20.4952 8.4293 8.39702 0.462269 0.6245 0.6245 0
bi_rrt_star 51 20.6321 8.4293 8.39702 0.462269 0.6245 0.6245 0
bi_rrt_star 52 21.0524 8.4293 8.39702 0.462269 0.6245 0.6245 0
bi_rrt_star 53 21.4655 8.4293 8.39702 0.462269 0.6245 0.6245 0
bi_rrt_star 54 21.5018 8.4293 8.39702 0.462269 0.6245 0.6245 0
bi_rrt_star 55 21.6829 8.4293 8.39702 0.462269 0.6245 0.6245 0
bi_rrt_star 56 21.7926 8.4293 8.39702 0.462269 0.6245 0.6245 0
bi_rrt_star 57 22.2358 8.4293 8.39702 0.462269 0.6245 0.6245 0
bi_rrt_star 58 22.9422 8.4293 8.39702 0.462269 0.6245 0.6245 0
bi_rrt_star 59 23.3235 8.4293 8.39702 0.462269 0.6245 0.6245 0
bi_rrt_star 60 24.0333 8.4293 8.39702 0.462269 0.6245 0.6245 0
bi_rrt_star 61 24.264 8.4293 8.39702 0.462269 0.6245 0.6245 0
bi_rrt_star 62 24.7076 8.4293 8.39702 0.462269 0.6245 0.6245 0
bi_rrt_star 63 25.1076 8.4293 8.39702 0.462269 0.6245 0.6245 0
bi_rrt_star 64 25.7981 8.4293 8.39702 0.462269 0.6245 0.6245 0
bi_rrt_star 65 26.3354 8.4293 8.39702 0.462269 0.6245 0.6245 0
bi_rrt_star 66 26.8185 8.4293 8.39702 0.462269 0.6245 0.6245 0
bi_rrt_star 67 26.8484 8.4293 8.39702 0.462269 0.6245 0.6245 0
bi_rrt_star 68 27.5515 8.4293 8.39702 0.462269 0.6245 0.6245 0
bi_rrt_star 69 27.961 8.4293 8.39702 0.462269 0.6245 0.6245 0
bi_rrt_star 70 28.4531 8.4293 8.39702 0.462269 0.6245 0.6245 0
bi_rrt_star 71 28.8038 8.4293 8.39702 0.462269 0.6245 0.6245 0
bi_rrt_star 72 29.1742 8.4293 8.39702 0.462269 0.6245 0.6245 0
bi_rrt_star 73 29.3944 8.4293 8.39702 0.462269 0.6245 0.6245 0
bi_rrt_star 74 30.0925 8.4293 8.39702 0.462269 0.6245 0.6245 0
bi_rrt_star 75 30.6326 8.4293 8.39702 0.462269 0.6245 0.6245 0
bi_rrt_star 76 30.6874 8.4293 8.39702 0.462269 0.6245 0.6245 0
bi_rrt_star 77 31.1468 8.4293 8.39702 0.462269 0.6245 0.6245 0
bi_rrt_star 78 31.854 8.4293 8.39702 0.462269 0.6245 0.6245 0
bi_rrt_star 79 31.9038 8.4293 8.39702 0.462269 0.6245 0.6245 0
bi_rrt_star 80 32.2999 8.4293 8.39702 0.462269 0.6245 0.6245 0
bi_rrt_star 81 32.3715 8.4293 8.39702 0.462269 0.6245 0.6245 0
bi_rrt_star 82 32.7758 8.4293 8.39702 0.462269 0.6245 0.6245 0
bi_rrt_star 83 33.2141 8.4293 8.39702 0.462269 0.6245 0.6245 0
bi_rrt_star 84 33.2386 8.4293 8.39702 0.462269 0.6245 0.6245 0
bi_rrt_star 85 33.6219 8.4293 8.39702 0.462269 0.6245 0.6245 0
bi_rrt_star 86 34.1856 8.4293 8.39702 0.462269 0.6245 0.6245 0
bi_rrt_star 87 34.2445 8.4293 8.39702 0.462269 0.6245 0.6245 0
bi_rrt_star 88 34.9553 8.4293 8.39702 0.462269 0.6245 0.6245 0
bi_rrt_star 89 35.0179 8.4293 8.39702 0.462269 0.6245 0.6245 0
bi_rrt_star 90 35.0648 8.4293 8.39702 0.462269 0.6245 0.6245 0
bi_rrt_star 91 35.4136 8.4293 8.39702 0.462269 0.6245 0.6245 0
bi_rrt_star 92 35.8 8.4293 8.39702 0.462269 0.6245 0.6245 0
bi_rrt_star 93 36.4007 8.4293 8.39702 0.462269 0.6245 0.6245 0
bi_rrt_star 94 36.8528 8.4293 8.39702 0.462269 0.6245 0.6245 0
bi_rrt_star 95 37.2436 8.4293 8.39702 0.462269 0.6245 0.6245 0
bi_rrt_star 96 37.6235 8.4293 8.39702 0.462269 0.6245 0.6245 0
bi_rrt_star 97 38.0701 8.4293 8.39702 0.462269 0.6245 0.6245 0
bi_rrt_star 98 38.1217 8.4293 8.39702 0.462269 0.6245 0.6245 0
bi_rrt_star 99 38.4886 8.4293 8.39702 0.462269 0.6245 0.6245 0
bi_rrt_star 100 38.561 8.4293 8.39702 0.462269 0.6245 0.6245 0
bi_rrt_star 101 38.998 8.4293 8.39702 0.462269 0.6245 0.6245 0
bi_rrt_star 102 39.3977 8.4293 8.39702 0.462269 0.6245 0.6245 0
bi_rrt_star 103 39.8817 8.4293 8.39702 0.462269 0.6245 0.6245 0
bi_rrt_star 104 40.5855 8.4293 8.39702 0.462269 0.6245 0.6245 0
bi_rrt_star 105 40.8579 8.4293 8.39702 0.462269 0.6245 0.6245 0
bi_rrt_star 106 41.2545 8.4293 8.39702 0.462269 0.6245 0.6245 0
bi_rrt_star 107 41.4608 8.4293 8.39702 0.462269 0.6245 0.6245 0
bi_rrt_star 108 41.9474 8.4293 8.39702 0.462269 0.6245 0.6245 0
bi_rrt_star 109 42.1995 8.4293 8.39702 0.462269 0.6245 0.6245 0
bi_rrt_star 110 42.5901 8.4293 8.39702 0.462269 0.6245 0.6245 0
bi_rrt_star 111 43.0589 8.4293 8.39702 0.462269 0.6245 0.6245 0
bi_rrt_star 112 43.0998 8.4293 8.39702 0.462269 0.6245 0.6245 0
bi_rrt_star 113 43.2699 8.4293 8.39702 0.462269 0.6245 0.6245 0
bi_rrt_star 114 43.8032 8.4293 8.39702 0.462269 0.6245 0.6245 0
bi_rrt_star 115 44.5334 8.4293 8.39702 0.462269 0.6245 0.6245 0
bi_rrt_star 116 45.129 8.4293 8.39702 0.462269 0.6245 0.6245 0
bi_rrt_star 117 45.8475 8.4293 8.39702 0.462269 0.6245 0.6245 0
bi_rrt_star 118 46.0574 8.4293 8.39702 0.462269 0.6245 0.6245 0
bi_rrt_star 119 46.4894 8.4293 8.39702 0.462269 0.6245 0.6245 0
bi_rrt_star 120 46.5209 8.4293 8.39702 0.462269 0.6245 0.6245 0
bi_rrt_star 121 46.5653 8.4293 8.39702 0.462269 0.6245 0.6245 0
bi_rrt_star 122 46.7832 8.4293 8.39702 0.462269 0.6245 0.6245 0
bi_rrt_star 123 46.9685 8.4293 8.39702 0.462269 0.6245 0.6245 0
bi_rrt_star 124 47.376 8.4293 8.39702 0.462269 0.6245 0.6245 0
bi_rrt_star 125 47.7968 8.4293 8.39702 0.462269 0.6245 0.6245 0
bi_rrt_star 126 48.1677 8.4293 8.39702 0.462269 0.6245 0.6245 0
bi_rrt_star 127 48.5682 8.4293 8.39702 0.462269 0.6245 0.6245 0
bi_rrt_star 128 48.8289 8.4293 8.39702 0.462269 0.6245 0.6245 0
bi_rrt_star 129 49.3782 8.4293 8.39702 0.462269 0.6245 0.6245 0
bi_rrt_star 130 49.8357 8.4293 8.39702 0.462269 0.6245 0.6245 0
bi_rrt_star 131 50.2455 8.4293 8.39702 0.462269 0.6245 0.6245 0
bi_rrt_star 132 50.6625 8.4293 8.39702 0.462269 0.6245 0.6245 0
bi_rrt_star 133 51.3501 8.4293 8.39702 0.462269 0.6245 0.6245 0
bi_rrt_star 134 51.4197 8.4293 8.39702 0.462269 0.6245 0.6245 0
bi_rrt_star 135 51.7993 8.4293 8.39702 0.462269 0.6245 0.6245 0
bi_rrt_star 136 52.1837 8.4293 8.39702 0.462269 0.6245 0.6245 0
bi_rrt_star 137 52.5492 8.4293 8.39702 0.462269 0.6245 0.6245 0
bi_rrt_star 138 52.8033 8.4293 8.39702 0.462269 0.6245 0.6245 0
bi_rrt_star 139 53.2132 8.4293 8.39702 0.462269 0.6245 0.6245 0
bi_rrt_star 140 53.4656 8.4293 8.39702 0.462269 0.6245 0.6245 0
bi_rrt_star 141 54.1652 8.4293 8.39702 0.462269 0.6245 0.6245 0
bi_rrt_star 142 54.7096 8.4293 8.39702 0.462269 0.6245 0.6245 0
bi_rrt_star 143 55.2876 8.4293 8.39702 0.462269 0.6245 0.6245 0
bi_rrt_star 144 55.6905 8.4293 8.39702 0.462269 0.6245 0.6245 0
bi_rrt_star 145 56.0622 8.4293 8.39702 0.462269 0.6245 0.6245 0
bi_rrt_star 146 56.4769 8.4293 8.39702 0.462269 0.6245 0.6245 0
bi_rrt_star 147 56.9052 8.4293 8.39702 0.462269 0.6245 0.6245 0
bi_rrt_star 148 57.1407 8.4293 8.39702 0.462269 0.6245 0.6245 0
bi_rrt_star 149 57.8599 8.4293 8.39702 0.462269 0.6245 0.6245 0
bi_rrt_star 150 58.2324 8.4293 8.39702 0.462269 0.6245 0.6245 0
bi_rrt_star 151 58.3231 8.4293 8.39702 0.462269 0.6245 0.6245 0
bi_rrt_star 152 59.0499 8.4293 8.39702 0.462269 0.6245 0.6245 0
bi_rrt_star 153 59.5751 8.4293 8.39702 0.462269 0.6245 0.6245 0
bi_rrt_star 154 60.0322 8.4293 8.39702 0.462269 0.6245 0.6245 0
bi_rrt_star 155 60.0471 8.4293 8.39702 0.462269 0.6245 0.6245 0
bi_rrt_star 156 60.4495 8.4293 8.39702 0.462269 0.6245 0.6245 0
bi_rrt_star 157 61.159 8.4293 8.39702 0.462269 0.6245 0.6245 0
bi_rrt_star 158 61.878 8.4293 8.39702 0.462269 0.6245 0.6245 0
bi_rrt_star 159 62.4025 8.4293 8.39702 0.462269 0.6245 0.6245 0
bi_rrt_star 160 62.8545 8.4293 8.39702 0.462269 0.6245 0.6245 0
bi_rrt_star 161 63.2426 8.4293 8.39702 0.462269 0.6245 0.6245 0
bi_rrt_star 162 63.8871 8.4293 8.39702 0.462269 0.6245 0.6245 0
bi_rrt_star 163 64.6056 8.4293 8.39702 0.462269 0.6245 0.6245 0
bi_rrt_star 164 64.9596 8.4293 8.39702 0.462269 0.6245 0.6245 0
bi_rrt_star 165 65.5017 8.4293 8.39702 0.462269 0.6245 0.6245 0
bi_rrt_star 166 65.8665 8.4293 8.39702 0.462269 0.6245 0.6245 0
bi_rrt_star 167 66.4226 8.4293 8.39702 0.462269 0.6245 0.6245 0
bi_rrt_star 168 66.4499 8.4293 8.39702 0.462269 0.6245 0.6245 0
bi_rrt_star 169 66.9169 8.4293 8.39702 0.462269 0.6245 0.6245 0
bi_rrt_star 170 66.9309 8.4293 8.39702 0.462269 0.6245 0.6245 0
bi_rrt_star 171 67.3026 8.4293 8.39702 0.462269 0.6245 0.6245 0
bi_rrt_star 172 67.898 8.4293 8.39702 0.462269 0.6245 0.6245 0
bi_rrt_star 173 67.9114 8.4293 8.39702 0.462269 0.6245 0.6245 0
bi_rrt_star 174 68.3154 8.4293 8.39702 0.462269 0.6245 0.6245 0
bi_rrt_star 175 69.0302 8.4293 8.39702 0.462269 0.6245 0.6245 0
bi_rrt_star 176 69.734 8.4293 8.39702 0.462269 0.6245 0.6245 0
bi_rrt_star 177 70.4376 8.4293 8.39702 0.462269 0.6245 0.6245 0
bi_rrt_star 178 70.666 8.4293 8.39702 0.462269 0.6245 0.6245 0
bi_rrt_star 179 71.0832 8.4293 8.39702 0.462269 0.6245 0.6245 0
bi_rrt_star 180 71.5943 8.4293 8.39702 0.462269 0.6245 0.6245 0
bi_rrt_star 181 72.0334 8.4293 8.39702 0.462269 0.6245 0.6245 0
bi_rrt_star 182 72.5788 8.4293 8.39702 0.462269 0.6245 0.6245 0
bi_rrt_star 183 72.9957 8.4293 8.39702 0.462269 0.6245 0.6245 0
bi_rrt_star 184 73.2013 8.4293 8.39702 0.462269 0.6245 0.6245 0
bi_rrt_star 185 73.594 8.4293 8.39702 0.462269 0.6245 0.6245 0
bi_rrt_star 186 73.9418 8.4293 8.39702 0.462269 0.6245 0.6245 0
bi_rrt_star 187 74.0838 8.4293 8.39702 0.462269 0.6245 0.6245 0
bi_rrt_star 188 74.3478 8.4293 8.39702 0.462269 0.6245 0.6245 0
bi_rrt_star 189 74.7185 8.4293 8.39702 0.462269 0.6245 0.6245 0
bi_rrt_star 190 74.8445 8.4293 8.39702 0.462269 0.6245 0.6245 0
bi_rrt_star 191 75.5541 8.4293 8.39702 0.462269 0.6245 0.6245 0
bi_rrt_star 192 76.1196 8.4293 8.39702 0.462269 0.6245 0.6245 0
bi_rrt_star 193 76.575 8.4293 8.39702 0.462269 0.6245 0.6245 0
bi_rrt_star 194 76.9424 8.4293 8.39702 0.462269 0.6245 0.6245 0
bi_rrt_star 195 77.6716 8.4293 8.39702 0.462269 0.6245 0.6245 0
bi_rrt_star 196 77.7247 8.4293 8.39702 0.462269 0.6245 0.6245 0
bi_rrt_star 197 78.0025 8.4293 8.39702 0.462269 0.6245 0.6245 0
bi_rrt_star 198 78.3397 8.4293 8.39702 0.462269 0.6245 0.6245 0
bi_rrt_star 199 78.3701 8.4293 8.39702 0.462269 0.6245 0.6245 0
bi_rrt_star 200 79.0021 8.4293 8.39702 0.462269 0.6245 0.6245 0
bi_rrt_star 201 79.4208 8.4293 8.39702 0.462269 0.6245 0.6245 0
bi_rrt_star 202 79.5906 8.4293 8.39702 0.462269 0.6245 0.6245 0
bi_rrt_star 203 80.0828 8.4293 8.39702 0.462269 0.6245 0.6245 0
bi_rrt_star 204 80.446 8.4293 8.39702 0.462269 0.6245 0.6245 0
bi_rrt_star 205 80.9384 8.4293 8.39702 0.462269 0.6245 0.6245 0
bi_rrt_star 206 81.4435 8.4293 8.39702 0.462269 0.6245 0.6245 0
bi_rrt_star 207 81.6059 8.4293 8.39702 0.462269 0.6245 0.6245 0
bi_rrt_star 208 81.7506 8.4293 8.39702 0.462269 0.6245 0.6245 0
bi_rrt_star 209 82.5093 8.4293 8.39702 0.462269 0.6245 0.6245 0
bi_rrt_star 210 83.3617 8.4293 8.39702 0.462269 0.6245 0.6245 0
bi_rrt_star 211 83.4817 8.4293 8.39702 0.462269 0.6245 0.6245 0
bi_rrt_star 212 84.0137 8.4293 8.39702 0.462269 0.6245 0.6245 0
bi_rrt_star 213 84.1163 8.4293 8.39702 0.462269 0.6245 0.6245 0
bi_rrt_star 214 84.8317 8.4293 8.39702 0.462269 0.6245 0.6245 0
bi_rrt_star 215 85.39 8.4293 8.39702 0.462269 0.6245 0.6245 0
bi_rrt_star 216 85.5592 8.4293 8.39702 0.462269 0.6245 0.6245 0
bi_rrt_star 217 85.9774 8.4293 8.39702 0.462269 0.6245 0.6245 0
bi_rrt_star 218 86.2395 8.4293 8.39702 0.462269 0.6245 0.6245 0
bi_rrt_star 219 86.9712 8.4293 8.39702 0.462269 0.6245 0.6245 0
bi_rrt_star 220 87.5846 8.4293 8.39702 0.462269 0.6245 0.6245 0
bi_rrt_star 221 87.8209 8.4293 8.39702 0.462269 0.6245 0.6245 0
bi_rrt_star 222 88.1903 8.4293 8.39702 0.462269 0.6245 0.6245 0
bi_rrt_star 223 88.7144 8.4293 8.39702 0.462269 0.6245 0.6245 0
bi_rrt_star 224 89.2495 8.4293 8.39702 0.462269 0.6245 0.6245 0
bi_rrt_star 225 89.9826 8.4293 8.39702 0.462269 0.6245 0.6245 0
bi_rrt_star 226 90.3941 8.4293 8.39702 0.462269 0.6245 0.6245 0
bi_rrt_star 227 90.8315 8.4293 8.39702 0.462269 0.6245 0.6245 0
bi_rrt_star 228 91.3766 8.4293 8.39702 0.462269 0.6245 0.6245 0
bi_rrt_star 229 91.8685 8.4293 8.39702 0.462269 0.6245 0.6245 0
bi_rrt_star 230 92.126 8.4293 8.39702 0.462269 0.6245 0.6245 0
bi_rrt_star 231 92.3488 8.4293 8.39702 0.462269 0.6245 0.6245 0
bi_rrt_star 232 92.5544 8.4293 8.39702 0.462269 0.6245 0.6245 0
bi_rrt_star 233 93.2943 8.4293 8.39702 0.462269 0.6245 0.6245 0
bi_rrt_star 234 93.9546 8.4293 8.39702 0.462269 0.6245 0.6245 0
bi_rrt_star 235 94.3596 8.4293 8.39702 0.462269 0.6245 0.6245 0
bi_rrt_star 236 95.222 8.4293 8.39702 0.462269 0.6245 0.6245 0
bi_rrt_star 237 95.266 8.4293 8.39702 0.462269 0.6245 0.6245 0
bi_rrt_star 238 95.4029 8.4293 8.39702 0.462269 0.6245 0.6245 0
bi_rrt_star 239 96.1934 8.4293 8.39702 0.462269 0.6245 0.6245 0
bi_rrt_star 240 96.2104 8.4293 8.39702 0.462269 0.6245 0.6245 0
bi_rrt_star 241 96.9343 8.4293 8.39702 0.462269 0.6245 0.6245 0
bi_rrt_star 242 97.1593 8.4293 8.39702 0.462269 0.6245 0.6245 0
bi_rrt_star 243 97.5318 8.4293 8.39702 0.462269 0.6245 0.6245 0
bi_rrt_star 244 97.884 8.4293 8.39702 0.462269 0.6245 0.6245 0
bi_rrt_star 245 98.2434 8.4293 8.39702 0.462269 0.6245 0.6245 0
bi_rrt_star 246 98.9123 8.4293 8.39702 0.462269 0.6245 0.6245 0
bi_rrt_star 247 99.3377 8.4293 8.39702 0.462269 0.6245 0.6245 0
bi_rrt_star 248 99.5882 8.4293 8.39702 0.462269 0.6245 0.6245 0
bi_rrt_star 249 99.8067 8.4293 8.39702 0.462269 0.6245 0.6245 0
bi_rrt_star 250 100.194 8.4293 8.39702 0.462269 0.6245 0.6245 0
bi_rrt_star 251 100.259 8.4293 8.39702 0.462269 0.6245 0.6245 0
bi_rrt_star 252 100.393 8.4293 8.39702 0.462269 0.6245 0.6245 0
bi_rrt_star 253 100.906 8.4293 8.39702 0.462269 0.6245 0.6245 0
bi_rrt_star 254 101.463 8.4293 8.39702 0.462269 0.6245 0.6245 0
bi_rrt_star 255 101.489 8.4293 8.39702 0.462269 0.6245 0.6245 0
bi_rrt_star 256 101.866 8.4293 8.39702 0.462269 0.6245 0.6245 0
bi_rrt_star 257 102.42 8.4293 8.39702 0.462269 0.6245 0.6245 0
bi_rrt_star 258 102.828 8.4293 8.39702 0.462269 0.6245 0.6245 0
bi_rrt_star 259 103.214 8.4293 8.39702 0.462269 0.6245 0.6245 0
bi_rrt_star 260 103.642 8.4293 8.39702 0.462269 0.6245 0.6245 0
bi_rrt_star 261 104.408 8.4293 8.39702 0.462269 0.6245 0.6245 0
bi_rrt_star 262 104.824 8.4293 8.39702 0.462269 0.6245 0.6245 0
bi_rrt_star 263 105.44 8.4293 8.39702 0.462269 0.6245 0.6245 0
bi_rrt_star 264 105.53 8.4293 8.39702 0.462269 0.6245 0.6245 0
bi_rrt_star 265 105.685 8.4293 8.39702 0.462269 0.6245 0.6245 0
bi_rrt_star 266 105.709 8.4293 8.39702 0.462269 0.6245 0.6245 0
bi_rrt_star 267 105.796 8.4293 8.39702 0.462269 0.6245 0.6245 0
bi_rrt_star 268 106.369 8.4293 8.39702 0.462269 0.6245 0.6245 0
bi_rrt_star 269 106.426 8.4293 8.39702 0.462269 0.6245 0.6245 0
bi_rrt_star 270 106.989 8.4293 8.39702 0.462269 0.6245 0.6245 0
bi_rrt_star 271 107.237 8.4293 8.39702 0.462269 0.6245 0.6245 0
bi_rrt_star 272 107.655 8.4293 8.39702 0.462269 0.6245 0.6245 0
bi_rrt_star 273 108.399 8.4293 8.39702 0.462269 0.6245 0.6245 0
bi_rrt_star 274 108.592 8.4293 8.39702 0.462269 0.6245 0.6245 0
bi_rrt_star 275 108.622 8.4293 8.39702 0.462269 0.6245 0.6245 0
bi_rrt_star 276 109.023 8.4293 8.39702 0.462269 0.6245 0.6245 0
bi_rrt_star 277 109.749 8.4293 8.39702 0.462269 0.6245 0.6245 0
bi_rrt_star 278 110.229 8.4293 8.39702 0.462269 0.6245 0.6245 0
bi_rrt_star 279 110.33 8.4293 8.39702 0.462269 0.6245 0.6245 0
bi_rrt_star 280 110.448 8.4293 8.39702 0.462269 0.6245 0.6245 0
bi_rrt_star 281 110.826 8.4293 8.39702 0.462269 0.6245 0.6245 0
bi_rrt_star 282 111.198 8.4293 8.39702 0.462269 0.6245 0.6245 0
bi_rrt_star 283 111.946 8.4293 8.39702 0.462269 0.6245 0.6245 0
bi_rrt_star 284 112.501 8.4293 8.39702 0.462269 0.6245 0.6245 0
bi_rrt_star 285 113.022 8.4293 8.39702 0.462269 0.6245 0.6245 0
bi_rrt_star 286 113.767 8.4293 8.39702 0.462269 0.6245 0.6245 0
bi_rrt_star 287 114.152 8.4293 8.39702 0.462269 0.6245 0.6245 0
bi_rrt_star 288 114.733 8.4293 8.39702 0.462269 0.6245 0.6245 0
bi_rrt_star 289 114.9 8.4293 8.39702 0.462269 0.6245 0.6245 0
bi_rrt_star 290 115.545 8.4293 8.39702 0.462269 0.6245 0.6245 0
bi_rrt_star 291 115.915 8.4293 8.39702 0.462269 0.6245 0.6245 0
bi_rrt_star 292 115.933 8.4293 8.39702 0.462269 0.6245 0.6245 0
bi_rrt_star 293 116.468 8.4293 8.39702 0.462269 0.6245 0.6245 0
bi_rrt_star 294 116.725 8.4293 8.39702 0.462269 0.6245 0.6245 0
bi_rrt_star 295 117.522 8.4293 8.39702 0.462269 0.6245 0.6245 0
bi_rrt_star 296 118.262 8.4293 8.39702 0.462269 0.6245 0.6245 0
bi_rrt_star 297 118.712 8.4293 8.39702 0.462269 0.6245 0.6245 0
bi_rrt_star 298 119.116 8.4293 8.39702 0.462269 0.6245 0.6245 0
bi_rrt_star 299 119.575 8.4293 8.39702 0.462269 0.6245 0.6245 0
bi_rrt_star 300 120.33 8.4293 8.39702 0.462269 0.6245 0.6245 0
bi_rrt_star 301 121.088 8.4293 8.39702 0.462269 0.6245 0.6245 0
bi_rrt_star 302 121.454 8.4293 8.39702 0.462269 0.6245 0.6245 0
bi_rrt_star 303 121.991 8.4293 8.39702 0.462269 0.6245 0.6245 0
bi_rrt_star 304 122.462 8.4293 8.39702 0.462269 0.6245 0.6245 0
bi_rrt_star 305 122.649 8.4293 8.39702 0.462269 0.6245 0.6245 0
bi_rrt_star 306 123.045 8.4293 8.39702 0.462269 0.6245 0.6245 0
bi_rrt_star 307 123.081 8.4293 8.39702 0.462269 0.6245 0.6245 0
bi_rrt_star 308 123.339 8.4293 8.39702 0.462269 0.6245 0.6245 0
bi_rrt_star 309 123.718 8.4293 8.39702 0.462269 0.6245 0.6245 0
bi_rrt_star 310 124.093 8.4293 8.39702 0.462269 0.6245 0.6245 0
bi_rrt_star 311 124.678 8.4293 8.39702 0.462269 0.6245 0.6245 0
bi_rrt_star 312 125.27 8.4293 8.39702 0.462269 0.6245 0.6245 0
bi_rrt_star 313 125.646 8.4293 8.39702 0.462269 0.6245 0.6245 0
bi_rrt_star 314 126.038 8.4293 8.39702 0.462269 0.6245 0.6245 0
bi_rrt_star 315 126.744 8.4293 8.39702 0.462269 0.6245 0.6245 0
bi_rrt_star 316 126.838 8.4293 8.39702 0.462269 0.6245 0.6245 0
bi_rrt_star 317 127.367 8.4293 8.39702 0.462269 0.6245 0.6245 0
bi_rrt_star 318 128.093 8.4293 8.39702 0.462269 0.6245 0.6245 0
bi_rrt_star 319 128.501 8.4293 8.39702 0.462269 0.6245 0.6245 0
bi_rrt_star 320 129.231 8.4293 8.39702 0.462269 0.6245 0.6245 0
bi_rrt_star 321 129.688 8.4293 8.39702 0.462269 0.6245 0.6245 0
bi_rrt_star 322 130.077 8.4293 8.39702 0.462269 0.6245 0.6245 0
bi_rrt_star 323 130.621 8.4293 8.39702 0.462269 0.6245 0.6245 0
bi_rrt_star 324 131.257 8.4293 8.39702 0.462269 0.6245 0.6245 0
bi_rrt_star 325 131.769 8.4293 8.39702 0.462269 0.6245 0.6245 0
bi_rrt_star 326 132.321 8.4293 8.39702 0.462269 0.6245 0.6245 0
bi_rrt_star 327 132.339 8.4293 8.39702 0.462269 0.6245 0.6245 0
bi_rrt_star 328 132.786 8.4293 8.39702 0.462269 0.6245 0.6245 0
bi_rrt_star 329 133.51 8.4293 8.39702 0.462269 0.6245 0.6245 0
bi_rrt_star 330 134.035 8.4293 8.39702 0.462269 0.6245 0.6245 0
bi_rrt_star 331 134.459 8.4293 8.39702 0.462269 0.6245 0.6245 0
bi_rrt_star 332 134.85 8.4293 8.39702 0.462269 0.6245 0.6245 0
bi_rrt_star 333 135.08 8.4293 8.39702 0.462269 0.6245 0.6245 0
bi_rrt_star 334 135.666 8.4293 8.39702 0.462269 0.6245 0.6245 0
bi_rrt_star 335 135.934 8.4293 8.39702 0.462269 0.6245 0.6245 0
bi_rrt_star 336 136.322 8.4293 8.39702 0.462269 0.6245 0.6245 0
bi_rrt_star 337 136.41 8.4293 8.39702 0.462269 0.6245 0.6245 0
bi_rrt_star 338 137.158 8.4293 8.39702 0.462269 0.6245 0.6245 0
bi_rrt_star 339 137.721 8.4293 8.39702 0.462269 0.6245 0.6245 0
bi_rrt_star 340 137.827 8.4293 8.39702 0.462269 0.6245 0.6245 0
bi_rrt_star 341 138.209 8.4293 8.39702 0.462269 0.6245 0.6245 0
bi_rrt_star 342 138.497 8.4293 8.39702 0.462269 0.6245 0.6245 0
bi_rrt_star 343 138.787 8.4293 8.39702 0.462269 0.6245 0.6245 0
bi_rrt_star 344 139.349 8.4293 8.39702 0.462269 0.6245 0.6245 0
bi_rrt_star 345 139.959 8.4293 8.39702 0.462269 0.6245 0.6245 0
bi_rrt_star 346 140.357 8.4293 8.39702 0.462269 0.6245 0.6245 0
bi_rrt_star 347 140.617 8.4293 8.39702 0.462269 0.6245 0.6245 0
bi_rrt_star 348 141.02 8.4293 8.39702 0.462269 0.6245 0.6245 0
bi_rrt_star 349 141.461 8.4293 8.39702 0.462269 0.6245 0.6245 0
bi_rrt_star 350 141.866 8.4293 8.39702 0.462269 0.6245 0.6245 0
bi_rrt_star 351 142.024 8.4293 8.39702 0.462269 0.6245 0.6245 0
bi_rrt_star 352 142.221 8.4293 8.39702 0.462269 0.6245 0.6245 0
bi_rrt_star 353 142.651 8.4293 8.39702 0.462269 0.6245 0.6245 0
bi_rrt_star 354 143.438 8.4293 8.39702 0.462269 0.6245 0.6245 0
bi_rrt_star 355 144.159 8.4293 8.39702 0.462269 0.6245 0.6245 0
bi_rrt_star 356 144.746 8.4293 8.39702 0.462269 0.6245 0.6245 0
bi_rrt_star 357 144.766 8.4293 8.39702 0.462269 0.6245 0.6245 0
bi_rrt_star 358 144.99 8.4293 8.39702 0.462269 0.6245 0.6245 0
bi_rrt_star 359 145.546 8.4293 8.39702 0.462269 0.6245 0.6245 0
bi_rrt_star 360 146.086 8.4293 8.39702 0.462269 0.6245 0.6245 0
bi_rrt_star 361 146.174 8.4293 8.39702 0.462269 0.6245 0.6245 0
bi_rrt_star 362 146.919 8.4293 8.39702 0.462269 0.6245 0.6245 0
bi_rrt_star 363 147.567 8.4293 8.39702 0.462269 0.6245 0.6245 0
bi_rrt_star 364 147.638 8.4293 8.39702 0.462269 0.6245 0.6245 0
bi_rrt_star 365 148.498 8.4293 8.39702 0.462269 0.6245 0.6245 0
bi_rrt_star 366 148.971 8.4293 8.39702 0.462269 0.6245 0.6245 0
bi_rrt_star 367 149.245 8.4293 8.39702 0.462269 0.6245 0.6245 0
bi_rrt_star 368 149.615 8.4293 8.39702 0.462269 0.6245 0.6245 0
bi_rrt_star 369 150.117 8.4293 8.39702 0.462269 0.6245 0.6245 0
bi_rrt_star 370 150.5 8.4293 8.39702 0.462269 0.6245 0.6245 0
bi_rrt_star 371 151.203 8.4293 8.39702 0.462269 0.6245 0.6245 0
bi_rrt_star 372 151.596 8.4293 8.39702 0.462269 0.6245 0.6245 0
bi_rrt_star 373 151.968 8.4293 8.39702 0.462269 0.6245 0.6245 0
bi_rrt_star 374 152.753 8.4293 8.39702 0.462269 0.6245 0.6245 0
bi_rrt_star 375 152.804 8.4293 8.39702 0.462269 0.6245 0.6245 0
bi_rrt_star 376 152.834 8.4293 8.39702 0.462269 0.6245 0.6245 0
bi_rrt_star 377 153.464 8.4293 8.39702 0.462269 0.6245 0.6245 0
bi_rrt_star 378 153.956 8.4293 8.39702 0.462269 0.6245 0.6245 0
bi_rrt_star 379 154.707 8.4293 8.39702 0.462269 0.6245 0.6245 0
bi_rrt_star 380 155.343 8.4293 8.39702 0.462269 0.6245 0.6245 0
bi_rrt_star 381 155.779 8.4293 8.39702 0.462269 0.6245 0.6245 0
bi_rrt_star 382 155.82 8.4293 8.39702 0.462269 0.6245 0.6245 0
bi_rrt_star 383 156.235 8.4293 8.39702 0.462269 0.6245 0.6245 0
bi_rrt_star 384 156.689 8.4293 8.39702 0.462269 0.6245 0.6245 0
bi_rrt_star 385 157.087 8.4293 8.39702 0.462269 0.6245 0.6245 0
bi_rrt_star 386 157.683 8.4293 8.39702 0.462269 0.6245 0.6245 0
bi_rrt_star 387 158.129 8.4293 8.39702 0.462269 0.6245 0.6245 0
bi_rrt_star 388 158.449 8.4293 8.39702 0.462269 0.6245 0.6245 0
bi_rrt_star 389 158.867 8.4293 8.39702 0.462269 0.6245 0.6245 0
bi_rrt_star 390 159.265 8.4293 8.39702 0.462269 0.6245 0.6245 0
bi_rrt_star 391 159.685 8.4293 8.39702 0.462269 0.6245 0.6245 0
bi_rrt_star 392 160.073 8.4293 8.39702 0.462269 0.6245 0.6245 0
bi_rrt_star 393 160.544 8.4293 8.39702 0.462269 0.6245 0.6245 0
bi_rrt_star 394 161.108 8.4293 8.39702 0.462269 0.6245 0.6245 0
bi_rrt_star 395 161.781 8.4293 8.39702 0.462269 0.6245 0.6245 0
bi_rrt_star 396 162.298 8.4293 8.39702 0.462269 0.6245 0.6245 0
bi_rrt_star 397 163.035 8.4293 8.39702 0.462269 0.6245 0.6245 0
bi_rrt_star 398 163.933 8.4293 8.39702 0.462269 0.6245 0.6245 0
bi_rrt_star 399 164.486 8.4293 8.39702 0.462269 0.6245 0.6245 0
bi_rrt_star 400 164.524 8.4293 8.39702 0.462269 0.6245 0.6245 0
bi_rrt_star 401 165.129 8.4293 8.39702 0.462269 0.6245 0.6245 0
bi_rrt_star 402 165.231 8.4293 8.39702 0.462269 0.6245 0.6245 0
bi_rrt_star 403 165.599 8.4293 8.39702 0.462269 0.6245 0.6245 0
bi_rrt_star 404 166.218 8.4293 8.39702 0.462269 0.6245 0.6245 0
bi_rrt_star 405 166.594 8.4293 8.39702 0.462269 0.6245 0.6245 0
bi_rrt_star 406 166.953 8.4293 8.39702 0.462269 0.6245 0.6245 0
bi_rrt_star 407 167.18 8.4293 8.39702 0.462269 0.6245 0.6245 0
bi_rrt_star 408 167.543 8.4293 8.39702 0.462269 0.6245 0.6245 0
bi_rrt_star 409 167.828 8.4293 8.39702 0.462269 0.6245 0.6245 0
bi_rrt_star 410 167.928 8.4293 8.39702 0.462269 0.6245 0.6245 0
bi_rrt_star 411 168.419 8.4293 8.39702 0.462269 0.6245 0.6245 0
bi_rrt_star 412 168.683 8.4293 8.39702 0.462269 0.6245 0.6245 0
bi_rrt_star 413 169.07 8.4293 8.39702 0.462269 0.6245 0.6245 0
bi_rrt_star 414 169.219 8.4293 8.39702 0.462269 0.6245 0.6245 0
bi_rrt_star 415 169.814 8.4293 8.39702 0.462269 0.6245 0.6245 0
bi_rrt_star 416 170.203 8.4293 8.39702 0.462269 0.6245 0.6245 0
bi_rrt_star 417 170.676 8.4293 8.39702 0.462269 0.6245 0.6245 0
bi_rrt_star 418 170.693 8.4293 8.39702 0.462269 0.6245 0.6245 0
bi_rrt_star 419 171.376 8.4293 8.39702 0.462269 0.6245 0.6245 0
bi_rrt_star 420 172.317 8.4293 8.39702 0.462269 0.6245 0.6245 0
bi_rrt_star 421 172.402 8.4293 8.39702 0.462269 0.6245 0.6245 0
bi_rrt_star 422 172.775 8.4293 8.39702 0.462269 0.6245 0.6245 0
bi_rrt_star 423 173.156 8.4293 8.39702 0.462269 0.6245 0.6245 0
bi_rrt_star 424 173.543 8.4293 8.39702 0.462269 0.6245 0.6245 0
bi_rrt_star 425 174.236 8.4293 8.39702 0.462269 0.6245 0.6245 0
bi_rrt_star 426 174.478 8.4293 8.39702 0.462269 0.6245 0.6245 0
bi_rrt_star 427 174.953 8.4293 8.39702 0.462269 0.6245 0.6245 0
bi_rrt_star 428 175.045 8.4293 8.39702 0.462269 0.6245 0.6245 0
bi_rrt_star 429 175.786 8.4293 8.39702 0.462269 0.6245 0.6245 0
bi_rrt_star 430 175.985 8.4293 8.39702 0.462269 0.6245 0.6245 0
bi_rrt_star 431 176.019 8.4293 8.39702 0.462269 0.6245 0.6245 0
bi_rrt_star 432 176.554 8.4293 8.39702 0.462269 0.6245 0.6245 0
bi_rrt_star 433 176.821 8.4293 8.39702 0.462269 0.6245 0.6245 0
bi_rrt_star 434 177.15 8.4293 8.39702 0.462269 0.6245 0.6245 0
bi_rrt_star 435 177.547 8.4293 8.39702 0.462269 0.6245 0.6245 0
bi_rrt_star 436 177.582 8.4293 8.39702 0.462269 0.6245 0.6245 0
bi_rrt_star 437 178.056 8.4293 8.39702 0.462269 0.6245 0.6245 0
bi_rrt_star 438 178.324 8.4293 8.39702 0.462269 0.6245 0.6245 0
bi_rrt_star 439 178.527 8.4293 8.39702 0.462269 0.6245 0.6245 0
bi_rrt_star 440 178.975 8.4293 8.39702 0.462269 0.6245 0.6245 0
bi_rrt_star 441 178.998 8.4293 8.39702 0.462269 0.6245 0.6245 0
bi_rrt_star 442 179.283 8.4293 8.39702 0.462269 0.6245 0.6245 0
bi_rrt_star 443 180.01 8.4293 8.39702 0.462269 0.6245 0.6245 0
bi_rrt_star 444 180.42 8.4293 8.39702 0.462269 0.6245 0.6245 0
bi_rrt_star 445 180.503 8.4293 8.39702 0.462269 0.6245 0.6245 0
bi_rrt_star 446 181.016 8.4293 8.39702 0.462269 0.6245 0.6245 0
bi_rrt_star 447 181.528 8.4293 8.39702 0.462269 0.6245 0.6245 0
bi_rrt_star 448 181.539 8.4293 8.39702 0.462269 0.6245 0.6245 0
bi_rrt_star 449 182.123 8.4293 8.39702 0.462269 0.6245 0.6245 0
bi_rrt_star 450 182.866 8.4293 8.39702 0.462269 0.6245 0.6245 0
bi_rrt_star 451 183.159 8.4293 8.39702 0.462269 0.6245 0.6245 0
bi_rrt_star 452 183.651 8.4293 8.39702 0.462269 0.6245 0.6245 0
bi_rrt_star 453 184.043 8.4293 8.39702 0.462269 0.6245 0.6245 0
bi_rrt_star 454 184.233 8.4293 8.39702 0.462269 0.6245 0.6245 0
bi_rrt_star 455 185.177 8.4293 8.39702 0.462269 0.6245 0.6245 0
bi_rrt_star 456 185.699 8.4293 8.39702 0.462269 0.6245 0.6245 0
bi_rrt_star 457 186.212 8.4293 8.39702 0.462269 0.6245 0.6245 0
bi_rrt_star 458 186.481 8.4293 8.39702 0.462269 0.6245 0.6245 0
bi_rrt_star 459 186.839 8.4293 8.39702 0.462269 0.6245 0.6245 0
bi_rrt_star 460 187.373 8.4293 8.39702 0.462269 0.6245 0.6245 0
bi_rrt_star 461 187.644 8.4293 8.39702 0.462269 0.6245 0.6245 0
bi_rrt_star 462 188.346 8.4293 8.39702 0.462269 0.6245 0.6245 0
bi_rrt_star 463 188.849 8.4293 8.39702 0.462269 0.6245 0.6245 0
bi_rrt_star 464 189.421 8.4293 8.39702 0.462269 0.6245 0.6245 0
bi_rrt_star 465 189.807 8.4293 8.39702 0.462269 0.6245 0.6245 0
bi_rrt_star 466 189.845 8.4293 8.39702 0.462269 0.6245 0.6245 0
bi_rrt_star 467 190.401 8.4293 8.39702 0.462269 0.6245 0.6245 0
bi_rrt_star 468 190.897 8.4293 8.39702 0.462269 0.6245 0.6245 0
bi_rrt_star 469 191.067 8.4293 8.39702 0.462269 0.6245 0.6245 0
bi_rrt_star 470 191.436 8.4293 8.39702 0.462269 0.6245 0.6245 0
bi_rrt_star 471 191.983 8.4293 8.39702 0.462269 0.6245 0.6245 0
bi_rrt_star 472 192.192 8.4293 8.39702 0.462269 0.6245 0.6245 0
bi_rrt_star 473 192.736 8.4293 8.39702 0.462269 0.6245 0.6245 0
bi_rrt_star 474 192.98 8.4293 8.39702 0.462269 0.6245 0.6245 0
bi_rrt_star 475 193.416 8.4293 8.39702 0.462269 0.6245 0.6245 0
bi_rrt_star 476 193.493 8.4293 8.39702 0.462269 0.6245 0.6245 0
bi_rrt_star 477 194.103 8.4293 8.39702 0.462269 0.6245 0.6245 0
bi_rrt_star 478 194.427 8.4293 8.39702 0.462269 0.6245 0.6245 0
bi_rrt_star 479 194.447 8.4293 8.39702 0.462269 0.6245 0.6245 0
bi_rrt_star 480 195.004 8.4293 8.39702 0.462269 0.6245 0.6245 0
bi_rrt_star 481 195.144 8.4293 8.39702 0.462269 0.6245 0.6245 0
bi_rrt_star 482 195.419 8.4293 8.39702 0.462269 0.6245 0.6245 0
bi_rrt_star 483 195.997 8.4293 8.39702 0.462269 0.6245 0.6245 0
bi_rrt_star 484 196.639 8.4293 8.39702 0.462269 0.6245 0.6245 0
bi_rrt_star 485 197.049 8.4293 8.39702 0.462269 0.6245 0.6245 0
bi_rrt_star 486 197.487 8.4293 8.39702 0.462269 0.6245 0.6245 0
bi_rrt_star 487 197.877 8.4293 8.39702 0.462269 0.6245 0.6245 0
bi_rrt_star 488 198.403 8.4293 8.39702 0.462269 0.6245 0.6245 0
bi_rrt_star 489 198.818 8.4293 8.39702 0.462269 0.6245 0.6245 0
bi_rrt_star 490 198.993 8.4293 8.39702 0.462269 0.6245 0.6245 0
bi_rrt_star 491 199.525 8.4293 8.39702 0.462269 0.6245 0.6245 0
bi_rrt_star 492 199.653 8.4293 8.39702 0.462269 0.6245 0.6245 0
bi_rrt_star 493 199.833 8.4293 8.39702 0.462269 0.6245 0.6245 0
bi_rrt_star 494 200.551 8.4293 8.39702 0.462269 0.6245 0.6245 0
bi_rrt_star 495 201.017 8.4293 8.39702 0.462269 0.6245 0.6245 0
bi_rrt_star 496 201.498 8.4293 8.39702 0.462269 0.6245 0.6245 0
bi_rrt_star 497 202.256 8.4293 8.39702 0.462269 0.6245 0.6245 0
bi_rrt_star 498 202.737 8.4293 8.39702 0.462269 0.6245 0.6245 0
bi_rrt_star 499 203.113 8.4293 8.39702 0.462269 0.6245 0.6245 0
bi_rrt_star 500 203.697 8.4293 8.39702 0.462269 0.6245 0.6245 0
bi_rrt_star 501 203.75 8.4293 8.39702 0.462269 0.6245 0.6245 0
bi_rrt_star 502 204.155 8.4293 8.39702 0.462269 0.6245 0.6245 0
bi_rrt_star 503 204.767 8.4293 8.39702 0.462269 0.6245 0.6245 0
bi_rrt_star 504 205.109 8.4293 8.39702 0.462269 0.6245 0.6245 0
bi_rrt_star 505 205.235 8.4293 8.39702 0.462269 0.6245 0.6245 0
bi_rrt_star 506 205.88 8.4293 8.39702 0.462269 0.6245 0.6245 0
bi_rrt_star 507 206.244 8.4293 8.39702 0.462269 0.6245 0.6245 0
bi_rrt_star 508 206.533 8.4293 8.39702 0.462269 0.6245 0.6245 0
bi_rrt_star 509 206.945 8.4293 8.39702 0.462269 0.6245 0.6245 0
bi_rrt_star 510 207.055 8.4293 8.39702 0.462269 0.6245 0.6245 0
bi_rrt_star 511 207.387 8.4293 8.39702 0.462269 0.6245 0.6245 0
bi_rrt_star 512 207.645 8.4293 8.39702 0.462269 0.6245 0.6245 0
bi_rrt_star 513 207.739 8.4293 8.39702 0.462269 0.6245 0.6245 0
bi_rrt_star 514 208.3 8.4293 8.39702 0.462269 0.6245 0.6245 0
bi_rrt_star 515 208.921 8.4293 8.39702 0.462269 0.6245 0.6245 0
bi_rrt_star 516 209.38 8.4293 8.39702 0.462269 0.6245 0.6245 0
bi_rrt_star 517 209.833 8.4293 8.39702 0.462269 0.6245 0.6245 0
bi_rrt_star 518 210.019 8.4293 8.39702 0.462269 0.6245 0.6245 0
bi_rrt_star 519 210.109 8.4293 8.39702 0.462269 0.6245 0.6245 0
bi_rrt_star 520 210.828 8.4293 8.39702 0.462269 0.6245 0.6245 0
bi_rrt_star 521 210.862 8.4293 8.39702 0.462269 0.6245 0.6245 0
bi_rrt_star 522 210.975 8.4293 8.39702 0.462269 0.6245 0.6245 0
bi_rrt_star 523 211.582 8.4293 8.39702 0.462269 0.6245 0.6245 0
bi_rrt_star 524 211.835 8.4293 8.39702 0.462269 0.6245 0.6245 0
bi_rrt_star 525 212.447 8.4293 8.39702 0.462269 0.6245 0.6245 0
bi_rrt_star 526 212.643 8.4293 8.39702 0.462269 0.6245 0.6245 0
bi_rrt_star 527 212.949 8.4293 8.39702 0.462269 0.6245 0.6245 0
bi_rrt_star 528 212.976 8.4293 8.39702 0.462269 0.6245 0.6245 0
bi_rrt_star 529 213.567 8.4293 8.39702 0.462269 0.6245 0.6245 0
bi_rrt_star 530 214.231 8.4293 8.39702 0.462269 0.6245 0.6245 0
bi_rrt_star 531 214.383 8.4293 8.39702 0.462269 0.6245 0.6245 0
bi_rrt_star 532 215.162 8.4293 8.39702 0.462269 0.6245 0.6245 0
bi_rrt_star 533 215.728 8.4293 8.39702 0.462269 0.6245 0.6245 0
bi_rrt_star 534 216.118 8.4293 8.39702 0.462269 0.6245 0.6245 0
bi_rrt_star 535 216.509 8.4293 8.39702 0.462269 0.6245 0.6245 0
bi_rrt_star 536 217.164 8.4293 8.39702 0.462269 0.6245 0.6245 0
bi_rrt_star 537 217.469 8.4293 8.39702 0.462269 0.6245 0.6245 0
bi_rrt_star 538 218.202 8.4293 8.39702 0.462269 0.6245 0.6245 0
bi_rrt_star 539 218.853 8.4293 8.39702 0.462269 0.6245 0.6245 0
bi_rrt_star 540 218.941 8.4293 8.39702 0.462269 0.6245 0.6245 0
bi_rrt_star 541 219.491 8.4293 8.39702 0.462269 0.6245 0.6245 0
bi_rrt_star 542 219.879 8.4293 8.39702 0.462269 0.6245 0.6245 0
bi_rrt_star 543 220.458 8.4293 8.39702 0.462269 0.6245 0.6245 0
bi_rrt_star 544 220.838 8.4293 8.39702 0.462269 0.6245 0.6245 0
bi_rrt_star 545 221.47 8.4293 8.39702 0.462269 0.6245 0.6245 0
bi_rrt_star 546 222.009 8.4293 8.39702 0.462269 0.6245 0.6245 0
bi_rrt_star 547 222.288 8.4293 8.39702 0.462269 0.6245 0.6245 0
bi_rrt_star 548 222.883 8.4293 8.39702 0.462269 0.6245 0.6245 0
bi_rrt_star 549 223.125 8.4293 8.39702 0.462269 0.6245 0.6245 0
bi_rrt_star 550 223.748 8.4293 8.39702 0.462269 0.6245 0.6245 0
bi_rrt_star 551 223.821 8.4293 8.39702 0.462269 0.6245 0.6245 0
bi_rrt_star 552 223.996 8.4293 8.39702 0.462269 0.6245 0.6245 0
bi_rrt_star 553 224.438 8.4293 8.39702 0.462269 0.6245 0.6245 0
bi_rrt_star 554 224.742 8.4293 8.39702 0.462269 0.6245 0.6245 0
bi_rrt_star 555 224.828 8.4293 8.39702 0.462269 0.6245 0.6245 0
bi_rrt_star 556 225.078 8.4293 8.39702 0.462269 0.6245 0.6245 0
bi_rrt_star 557 225.483 8.4293 8.39702 0.462269 0.6245 0.6245 0
bi_rrt_star 558 226.027 8.4293 8.39702 0.462269 0.6245 0.6245 0
bi_rrt_star 559 226.597 8.4293 8.39702 0.462269 0.6245 0.6245 0
bi_rrt_star 560 227.424 8.4293 8.39702 0.462269 0.6245 0.6245 0
bi_rrt_star 561 227.91 8.4293 8.39702 0.462269 0.6245 0.6245 0
bi_rrt_star 562 228.397 8.4293 8.39702 0.462269 0.6245 0.6245 0
bi_rrt_star 563 228.559 8.4293 8.39702 0.462269 0.6245 0.6245 0
bi_rrt_star 564 228.792 8.4293 8.39702 0.462269 0.6245 0.6245 0
bi_rrt_star 565 229.179 8.4293 8.39702 0.462269 0.6245 0.6245 0
bi_rrt_star 566 229.257 8.4293 8.39702 0.462269 0.6245 0.6245 0
bi_rrt_star 567 229.717 8.4293 8.39702 0.462269 0.6245 0.6245 0
bi_rrt_star 568 230.127 8.4293 8.39702 0.462269 0.6245 0.6245 0
bi_rrt_star 569 230.612 8.4293 8.39702 0.462269 0.6245 0.6245 0
bi_rrt_star 570 230.93 8.4293 8.39702 0.462269 0.6245 0.6245 0
bi_rrt_star 571 231.33 8.4293 8.39702 0.462269 0.6245 0.6245 0
bi_rrt_star 572 231.963 8.4293 8.39702 0.462269 0.6245 0.6245 0
bi_rrt_star 573 232.364 8.4293 8.39702 0.462269 0.6245 0.6245 0
bi_rrt_star 574 232.662 8.4293 8.39702 0.462269 0.6245 0.6245 0
bi_rrt_star 575 233.11 8.4293 8.39702 0.462269 0.6245 0.6245 0
bi_rrt_star 576 233.708 8.4293 8.39702 0.462269 0.6245 0.6245 0
bi_rrt_star 577 234.297 8.4293 8.39702 0.462269 0.6245 0.6245 0
bi_rrt_star 578 234.983 8.4293 8.39702 0.462269 0.6245 0.6245 0
bi_rrt_star 579 235.604 8.4293 8.39702 0.462269 0.6245 0.6245 0
bi_rrt_star 580 236.135 8.4293 8.39702 0.462269 0.6245 0.6245 0
bi_rrt_star 581 236.853 8.4293 8.39702 0.462269 0.6245 0.6245 0
bi_rrt_star 582 237.126 8.4293 8.39702 0.462269 0.6245 0.6245 0
bi_rrt_star 583 237.445 8.4293 8.39702 0.462269 0.6245 0.6245 0
bi_rrt_star 584 237.834 8.4293 8.39702 0.462269 0.6245 0.6245 0
bi_rrt_star 585 238.069 8.4293 8.39702 0.462269 0.6245 0.6245 0
bi_rrt_star 586 238.167 8.4293 8.39702 0.462269 0.6245 0.6245 0
bi_rrt_star 587 238.588 8.4293 8.39702 0.462269 0.6245 0.6245 0
bi_rrt_star 588 238.824 8.4293 8.39702 0.462269 0.6245 0.6245 0
bi_rrt_star 589 239.198 8.4293 8.39702 0.462269 0.6245 0.6245 0
bi_rrt_star 590 239.641 8.4293 8.39702 0.462269 0.6245 0.6245 0
bi_rrt_star 591 240 8.4293 8.39702 0.462269 0.6245 0.6245 0
bi_rrt_star 592 240.359 8.4293 8.39702 0.462269 0.6245 0.6245 0
bi_rrt_star 593 241.104 8.4293 8.39702 0.462269 0.6245 0.6245 0
bi_rrt_star 594 241.526 8.4293 8.39702 0.462269 0.6245 0.6245 0
bi_rrt_star 595 241.923 8.4293 8.39702 0.462269 0.6245 0.6245 0
bi_rrt_star 596 242.174 8.4293 8.39702 0.462269 0.6245 0.6245 0
bi_rrt_star 597 242.272 8.4293 8.39702 0.462269 0.6245 0.6245 0
bi_rrt_star 598 242.96 8.4293 8.39702 0.462269 0.6245 0.6245 0
bi_rrt_star 599 243.335 8.4293 8.39702 0.462269 0.6245 0.6245 0
bi_rrt_star 600 244.105 8.4293 8.39702 0.462269 0.6245 0.6245 0
bi_rrt_star 601 244.707 8.4293 8.39702 0.462269 0.6245 0.6245 0
bi_rrt_star 602 245.473 8.4293 8.39702 0.462269 0.6245 0.6245 0
bi_rrt_star 603 245.854 8.4293 8.39702 0.462269 0.6245 0.6245 0
bi_rrt_star 604 246.038 8.4293 8.39702 0.462269 0.6245 0.6245 0
bi_rrt_star 605 246.737 8.4293 8.39702 0.462269 0.6245 0.6245 0
bi_rrt_star 606 247.158 8.4293 8.39702 0.462269 0.6245 0.6245 0
bi_rrt_star 607 247.904 8.4293 8.39702 0.462269 0.6245 0.6245 0
bi_rrt_star 608 248.437 8.4293 8.39702 0.462269 0.6245 0.6245 0
bi_rrt_star 609 248.48 8.4293 8.39702 0.462269 0.6245 0.6245 0
bi_rrt_star 610 249.035 8.4293 8.39702 0.462269 0.6245 0.6245 0
bi_rrt_star 611 249.848 8.4293 8.39702 0.462269 0.6245 0.6245 0
bi_rrt_star 612 250.096 8.4293 8.39702 0.462269 0.6245 0.6245 0
bi_rrt_star 613 250.368 8.4293 8.39702 0.462269 0.6245 0.6245 0
bi_rrt_star 614 250.929 8.4293 8.39702 0.462269 0.6245 0.6245 0
bi_rrt_star 615 251.663 8.4293 8.39702 0.462269 0.6245 0.6245 0
bi_rrt_star 616 252.22 8.4293 8.39702 0.462269 0.6245 0.6245 0
bi_rrt_star 617 252.657 8.4293 8.39702 0.462269 0.6245 0.6245 0
bi_rrt_star 618 253.077 8.4293 8.39702 0.462269 0.6245 0.6245 0
bi_rrt_star 619 253.564 8.4293 8.39702 0.462269 0.6245 0.6245 0
bi_rrt_star 620 253.773 8.4293 8.39702 0.462269 0.6245 0.6245 0
bi_rrt_star 621 253.968 8.4293 8.39702 0.462269 0.6245 0.6245 0
bi_rrt_star 622 254.192 8.4293 8.39702 0.462269 0.6245 0.6245 0
bi_rrt_star 623 254.897 8.4293 8.39702 0.462269 0.6245 0.6245 0
bi_rrt_star 624 255.172 8.4293 8.39702 0.462269 0.6245 0.6245 0
bi_rrt_star 625 255.521 8.4293 8.39702 0.462269 0.6245 0.6245 0
bi_rrt_star 626 256.137 8.4293 8.39702 0.462269 0.6245 0.6245 0
bi_rrt_star 627 256.736 8.4293 8.39702 0.462269 0.6245 0.6245 0
bi_rrt_star 628 257.341 8.4293 8.39702 0.462269 0.6245 0.6245 0
bi_rrt_star 629 257.843 8.4293 8.39702 0.462269 0.6245 0.6245 0
bi_rrt_star 630 258.23 8.4293 8.39702 0.462269 0.6245 0.6245 0
bi_rrt_star 631 258.864 8.4293 8.39702 0.462269 0.6245 0.6245 0
bi_rrt_star 632 259.281 8.4293 8.39702 0.462269 0.6245 0.6245 0
bi_rrt_star 633 259.355 8.4293 8.39702 0.462269 0.6245 0.6245 0
bi_rrt_star 634 259.995 8.4293 8.39702 0.462269 0.6245 0.6245 0
bi_rrt_star 635 260.476 8.4293 8.39702 0.462269 0.6245 0.6245 0
bi_rrt_star 636 260.67 8.4293 8.39702 0.462269 0.6245 0.6245 0
bi_rrt_star 637 261.27 8.4293 8.39702 0.462269 0.6245 0.6245 0
bi_rrt_star 638 261.728 8.4293 8.39702 0.462269 0.6245 0.6245 0
bi_rrt_star 639 262.345 8.4293 8.39702 0.462269 0.6245 0.6245 0
bi_rrt_star 640 262.721 8.4293 8.39702 0.462269 0.6245 0.6245 0
bi_rrt_star 641 263.235 8.4293 8.39702 0.462269 0.6245 0.6245 0
bi_rrt_star 642 263.866 8.4293 8.39702 0.462269 0.6245 0.6245 0
bi_rrt_star 643 263.891 8.4293 8.39702 0.462269 0.6245 0.6245 0
bi_rrt_star 644 264.139 8.4293 8.39702 0.462269 0.6245 0.6245 0
bi_rrt_star 645 264.532 8.4293 8.39702 0.462269 0.6245 0.6245 0
bi_rrt_star 646 264.981 8.4293 8.39702 0.462269 0.6245 0.6245 0
bi_rrt_star 647 265.367 8.4293 8.39702 0.462269 0.6245 0.6245 0
bi_rrt_star 648 265.487 8.4293 8.39702 0.462269 0.6245 0.6245 0
bi_rrt_star 649 266.316 8.4293 8.39702 0.462269 0.6245 0.6245 0
bi_rrt_star 650 266.933 8.4293 8.39702 0.462269 0.6245 0.6245 0
bi_rrt_star 651 267.293 8.4293 8.39702 0.462269 0.6245 0.6245 0
bi_rrt_star 652 267.415 8.4293 8.39702 0.462269 0.6245 0.6245 0
bi_rrt_star 653 267.736 8.4293 8.39702 0.462269 0.6245 0.6245 0
bi_rrt_star 654 268.173 8.4293 8.39702 0.462269 0.6245 0.6245 0
bi_rrt_star 655 268.242 8.4293 8.39702 0.462269 0.6245 0.6245 0
bi_rrt_star 656 268.274 8.4293 8.39702 0.462269 0.6245 0.6245 0
bi_rrt_star 657 268.864 8.4293 8.39702 0.462269 0.6245 0.6245 0
bi_rrt_star 658 268.887 8.4293 8.39702 0.462269 0.6245 0.6245 0
bi_rrt_star 659 268.903 8.4293 8.39702 0.462269 0.6245 0.6245 0
bi_rrt_star 660 269.315 8.4293 8.39702 0.462269 0.6245 0.6245 0
bi_rrt_star 661 269.548 8.4293 8.39702 0.462269 0.6245 0.6245 0
bi_rrt_star 662 270.142 8.4293 8.39702 0.462269 0.6245 0.6245 0
bi_rrt_star 663 270.956 8.4293 8.39702 0.462269 0.6245 0.6245 0
bi_rrt_star 664 271.354 8.4293 8.39702 0.462269 0.6245 0.6245 0
bi_rrt_star 665 271.923 8.4293 8.39702 0.462269 0.6245 0.6245 0
bi_rrt_star 666 272.314 8.4293 8.39702 0.462269 0.6245 0.6245 0
bi_rrt_star 667 272.608 8.4293 8.39702 0.462269 0.6245 0.6245 0
bi_rrt_star 668 272.792 8.4293 8.39702 0.462269 0.6245 0.6245 0
bi_rrt_star 669 273.518 8.4293 8.39702 0.462269 0.6245 0.6245 0
bi_rrt_star 670 273.951 8.4293 8.39702 0.462269 0.6245 0.6245 0
bi_rrt_star 671 274.334 8.4293 8.39702 0.462269 0.6245 0.6245 0
bi_rrt_star 672 274.489 8.4293 8.39702 0.462269 0.6245 0.6245 0
bi_rrt_star 673 274.876 8.4293 8.39702 0.462269 0.6245 0.6245 0
bi_rrt_star 674 275.436 8.4293 8.39702 0.462269 0.6245 0.6245 0
bi_rrt_star 675 275.988 8.4293 8.39702 0.462269 0.6245 0.6245 0
bi_rrt_star 676 276.007 8.4293 8.39702 0.462269 0.6245 0.6245 0
bi_rrt_star 677 276.218 8.4293 8.39702 0.462269 0.6245 0.6245 0
bi_rrt_star 678 276.728 8.4293 8.39702 0.462269 0.6245 0.6245 0
bi_rrt_star 679 277.356 8.4293 8.39702 0.462269 0.6245 0.6245 0
bi_rrt_star 680 277.734 8.4293 8.39702 0.462269 0.6245 0.6245 0
bi_rrt_star 681 278.203 8.4293 8.39702 0.462269 0.6245 0.6245 0
bi_rrt_star 682 278.885 8.4293 8.39702 0.462269 0.6245 0.6245 0
bi_rrt_star 683 279.163 8.4293 8.39702 0.462269 0.6245 0.6245 0
bi_rrt_star 684 279.531 8.4293 8.39702 0.462269 0.6245 0.6245 0
bi_rrt_star 685 280.05 8.4293 8.39702 0.462269 0.6245 0.6245 0
bi_rrt_star 686 280.58 8.4293 8.39702 0.462269 0.6245 0.6245 0
bi_rrt_star 687 280.831 8.4293 8.39702 0.462269 0.6245 0.6245 0
bi_rrt_star 688 281.217 8.4293 8.39702 0.462269 0.6245 0.6245 0
bi_rrt_star 689 281.647 8.4293 8.39702 0.462269 0.6245 0.6245 0
bi_rrt_star 690 282.063 8.4293 8.39702 0.462269 0.6245 0.6245 0
bi_rrt_star 691 282.534 8.4293 8.39702 0.462269 0.6245 0.6245 0
bi_rrt_star 692 282.653 8.4293 8.39702 0.462269 0.6245 0.6245 0
bi_rrt_star 693 283.038 8.4293 8.39702 0.462269 0.6245 0.6245 0
bi_rrt_star 694 283.615 8.4293 8.39702 0.462269 0.6245 0.6245 0
bi_rrt_star 695 284.369 8.4293 8.39702 0.462269 0.6245 0.6245 0
bi_rrt_star 696 284.642 8.4293 8.39702 0.462269 0.6245 0.6245 0
bi_rrt_star 697 285.018 8.4293 8.39702 0.462269 0.6245 0.6245 0
bi_rrt_star 698 285.743 8.4293 8.39702 0.462269 0.6245 0.6245 0
bi_rrt_star 699 286.192 8.4293 8.39702 0.462269 0.6245 0.6245 0
bi_rrt_star 700 286.71 8.4293 8.39702 0.462269 0.6245 0.6245 0
bi_rrt_star 701 287.278 8.4293 8.39702 0.462269 0.6245 0.6245 0
bi_rrt_star 702 287.829 8.4293 8.39702 0.462269 0.6245 0.6245 0
bi_rrt_star 703 288.458 8.4293 8.39702 0.462269 0.6245 0.6245 0
bi_rrt_star 704 288.864 8.4293 8.39702 0.462269 0.6245 0.6245 0
bi_rrt_star 705 289.424 8.4293 8.39702 0.462269 0.6245 0.6245 0
bi_rrt_star 706 289.604 8.4293 8.39702 0.462269 0.6245 0.6245 0
bi_rrt_star 707 290.341 8.4293 8.39702 0.462269 0.6245 0.6245 0
bi_rrt_star 708 290.815 8.4293 8.39702 0.462269 0.6245 0.6245 0
bi_rrt_star 709 291.45 8.4293 8.39702 0.462269 0.6245 0.6245 0
bi_rrt_star 710 292.203 8.4293 8.39702 0.462269 0.6245 0.6245 0
bi_rrt_star 711 292.634 8.4293 8.39702 0.462269 0.6245 0.6245 0
bi_rrt_star 712 293.153 8.4293 8.39702 0.462269 0.6245 0.6245 0
bi_rrt_star 713 293.734 8.4293 8.39702 0.462269 0.6245 0.6245 0
bi_rrt_star 714 294.419 8.4293 8.39702 0.462269 0.6245 0.6245 0
bi_rrt_star 715 294.615 8.4293 8.39702 0.462269 0.6245 0.6245 0
bi_rrt_star 716 295.933 8.4293 8.39702 0.462269 0.6245 0.6245 0
bi_rrt_star 717 296.289 8.4293 8.39702 0.462269 0.6245 0.6245 0
bi_rrt_star 718 296.992 8.4293 8.39702 0.462269 0.6245 0.6245 0
bi_rrt_star 719 297.031 8.4293 8.39702 0.462269 0.6245 0.6245 0
bi_rrt_star 720 297.731 8.4293 8.39702 0.462269 0.6245 0.6245 0
bi_rrt_star 721 298.114 8.4293 8.39702 0.462269 0.6245 0.6245 0
bi_rrt_star 722 298.544 8.4293 8.39702 0.462269 0.6245 0.6245 0
bi_rrt_star 723 299.187 8.4293 8.39702 0.462269 0.6245 0.6245 0
bi_rrt_star 724 299.832 8.4293 8.39702 0.462269 0.6245 0.6245 0
bi_rrt_star 725 299.979 8.4293 8.39702 0.462269 0.6245 0.6245 0
bi_rrt_star 726 300.224 8.4293 8.39702 0.462269 0.6245 0.6245 0
